sample,chromosome,start,end,segVal
HRR226274,1,1000001,2000000,3
HRR226274,1,2000001,3000000,3
HRR226274,1,3000001,4000000,1
HRR226274,1,4000001,5000000,3
HRR226274,1,6000001,7000000,2
HRR226274,1,7000001,8000000,3
HRR226274,1,10000001,11000000,2
HRR226274,1,11000001,12000000,3
HRR226274,1,12000001,13000000,3
HRR226274,1,13000001,14000000,2
HRR226274,1,14000001,15000000,3
HRR226274,1,15000001,16000000,2
HRR226274,1,17000001,18000000,3
HRR226274,1,18000001,19000000,3
HRR226274,1,19000001,20000000,2
HRR226274,1,20000001,21000000,2
HRR226274,1,21000001,22000000,2
HRR226274,1,22000001,23000000,3
HRR226274,1,23000001,24000000,2
HRR226274,1,24000001,25000000,2
HRR226274,1,25000001,26000000,3
HRR226274,1,26000001,27000000,1
HRR226274,1,27000001,28000000,2
HRR226274,1,28000001,29000000,1
HRR226274,1,29000001,30000000,2
HRR226274,1,30000001,31000000,3
HRR226274,1,31000001,32000000,2
HRR226274,1,34000001,35000000,2
HRR226274,1,35000001,36000000,2
HRR226274,1,36000001,37000000,3
HRR226274,1,37000001,38000000,2
HRR226274,1,39000001,40000000,2
HRR226274,1,40000001,41000000,1
HRR226274,1,41000001,42000000,2
HRR226274,1,42000001,43000000,2
HRR226274,1,43000001,44000000,2
HRR226274,1,44000001,45000000,2
HRR226274,1,45000001,46000000,2
HRR226274,1,46000001,47000000,3
HRR226274,1,47000001,48000000,3
HRR226274,1,48000001,49000000,2
HRR226274,1,49000001,50000000,2
HRR226274,1,51000001,52000000,2
HRR226274,1,53000001,54000000,2
HRR226274,1,54000001,55000000,2
HRR226274,1,56000001,57000000,2
HRR226274,1,57000001,58000000,2
HRR226274,1,58000001,59000000,2
HRR226274,1,59000001,60000000,2
HRR226274,1,60000001,61000000,3
HRR226274,1,61000001,62000000,2
HRR226274,1,62000001,63000000,2
HRR226274,1,63000001,64000000,2
HRR226274,1,64000001,65000000,2
HRR226274,1,65000001,66000000,2
HRR226274,1,68000001,69000000,2
HRR226274,1,69000001,70000000,2
HRR226274,1,70000001,71000000,2
HRR226274,1,71000001,72000000,2
HRR226274,1,72000001,73000000,2
HRR226274,1,74000001,75000000,2
HRR226274,1,75000001,76000000,2
HRR226274,1,77000001,78000000,2
HRR226274,1,78000001,79000000,2
HRR226274,1,79000001,80000000,2
HRR226274,1,80000001,81000000,2
HRR226274,1,81000001,82000000,2
HRR226274,1,82000001,83000000,2
HRR226274,1,84000001,85000000,2
HRR226274,1,85000001,86000000,2
HRR226274,1,86000001,87000000,2
HRR226274,1,87000001,88000000,2
HRR226274,1,88000001,89000000,2
HRR226274,1,89000001,90000000,2
HRR226274,1,90000001,91000000,2
HRR226274,1,91000001,92000000,2
HRR226274,1,92000001,93000000,2
HRR226274,1,94000001,95000000,2
HRR226274,1,95000001,96000000,2
HRR226274,1,96000001,97000000,2
HRR226274,1,97000001,98000000,2
HRR226274,1,98000001,99000000,2
HRR226274,1,99000001,100000000,2
HRR226274,1,100000001,101000000,2
HRR226274,1,101000001,102000000,2
HRR226274,1,104000001,105000000,2
HRR226274,1,105000001,106000000,2
HRR226274,1,107000001,108000000,2
HRR226274,1,108000001,109000000,2
HRR226274,1,109000001,110000000,2
HRR226274,1,110000001,111000000,2
HRR226274,1,111000001,112000000,2
HRR226274,1,112000001,113000000,2
HRR226274,1,113000001,114000000,2
HRR226274,1,114000001,115000000,2
HRR226274,1,115000001,116000000,2
HRR226274,1,116000001,117000000,2
HRR226274,1,117000001,118000000,2
HRR226274,1,118000001,119000000,3
HRR226274,1,119000001,120000000,2
HRR226274,1,147000001,148000000,3
HRR226274,1,150000001,151000000,2
HRR226274,1,151000001,152000000,2
HRR226274,1,152000001,153000000,2
HRR226274,1,153000001,154000000,2
HRR226274,1,154000001,155000000,2
HRR226274,1,155000001,156000000,2
HRR226274,1,156000001,157000000,2
HRR226274,1,157000001,158000000,3
HRR226274,1,160000001,161000000,3
HRR226274,1,161000001,162000000,2
HRR226274,1,162000001,163000000,2
HRR226274,1,163000001,164000000,2
HRR226274,1,164000001,165000000,2
HRR226274,1,165000001,166000000,2
HRR226274,1,166000001,167000000,2
HRR226274,1,167000001,168000000,2
HRR226274,1,168000001,169000000,2
HRR226274,1,171000001,172000000,2
HRR226274,1,173000001,174000000,2
HRR226274,1,174000001,175000000,2
HRR226274,1,175000001,176000000,2
HRR226274,1,176000001,177000000,2
HRR226274,1,177000001,178000000,3
HRR226274,1,178000001,179000000,2
HRR226274,1,179000001,180000000,2
HRR226274,1,180000001,181000000,1
HRR226274,1,182000001,183000000,2
HRR226274,1,183000001,184000000,2
HRR226274,1,184000001,185000000,2
HRR226274,1,185000001,186000000,2
HRR226274,1,186000001,187000000,2
HRR226274,1,187000001,188000000,2
HRR226274,1,188000001,189000000,2
HRR226274,1,189000001,190000000,2
HRR226274,1,190000001,191000000,2
HRR226274,1,192000001,193000000,2
HRR226274,1,193000001,194000000,2
HRR226274,1,194000001,195000000,2
HRR226274,1,196000001,197000000,2
HRR226274,1,197000001,198000000,2
HRR226274,1,198000001,199000000,2
HRR226274,1,200000001,201000000,1
HRR226274,1,201000001,202000000,2
HRR226274,1,202000001,203000000,2
HRR226274,1,203000001,204000000,2
HRR226274,1,204000001,205000000,2
HRR226274,1,205000001,206000000,2
HRR226274,1,206000001,207000000,2
HRR226274,1,207000001,208000000,2
HRR226274,1,208000001,209000000,2
HRR226274,1,209000001,210000000,2
HRR226274,1,210000001,211000000,2
HRR226274,1,211000001,212000000,2
HRR226274,1,212000001,213000000,2
HRR226274,1,213000001,214000000,2
HRR226274,1,216000001,217000000,2
HRR226274,1,217000001,218000000,2
HRR226274,1,218000001,219000000,2
HRR226274,1,219000001,220000000,2
HRR226274,1,220000001,221000000,2
HRR226274,1,221000001,222000000,2
HRR226274,1,222000001,223000000,2
HRR226274,1,223000001,224000000,3
HRR226274,1,224000001,225000000,2
HRR226274,1,225000001,226000000,2
HRR226274,1,228000001,229000000,2
HRR226274,1,230000001,231000000,2
HRR226274,1,231000001,232000000,2
HRR226274,1,232000001,233000000,2
HRR226274,1,234000001,235000000,2
HRR226274,1,236000001,237000000,2
HRR226274,1,238000001,239000000,2
HRR226274,1,239000001,240000000,2
HRR226274,1,240000001,241000000,2
HRR226274,1,241000001,242000000,2
HRR226274,1,242000001,243000000,2
HRR226274,1,243000001,244000000,2
HRR226274,1,244000001,245000000,2
HRR226274,1,245000001,246000000,3
HRR226274,1,246000001,247000000,2
HRR226274,1,247000001,248000000,2
HRR226274,1,248000001,248956422,2
HRR226274,2,2000001,3000000,2
HRR226274,2,3000001,4000000,2
HRR226274,2,4000001,5000000,2
HRR226274,2,5000001,6000000,2
HRR226274,2,6000001,7000000,2
HRR226274,2,7000001,8000000,2
HRR226274,2,8000001,9000000,2
HRR226274,2,9000001,10000000,2
HRR226274,2,10000001,11000000,2
HRR226274,2,11000001,12000000,2
HRR226274,2,12000001,13000000,2
HRR226274,2,13000001,14000000,2
HRR226274,2,14000001,15000000,2
HRR226274,2,15000001,16000000,2
HRR226274,2,17000001,18000000,2
HRR226274,2,18000001,19000000,2
HRR226274,2,19000001,20000000,2
HRR226274,2,20000001,21000000,2
HRR226274,2,21000001,22000000,2
HRR226274,2,23000001,24000000,2
HRR226274,2,25000001,26000000,2
HRR226274,2,26000001,27000000,1
HRR226274,2,27000001,28000000,1
HRR226274,2,28000001,29000000,2
HRR226274,2,29000001,30000000,2
HRR226274,2,30000001,31000000,2
HRR226274,2,31000001,32000000,2
HRR226274,2,34000001,35000000,2
HRR226274,2,35000001,36000000,2
HRR226274,2,37000001,38000000,2
HRR226274,2,38000001,39000000,2
HRR226274,2,39000001,40000000,2
HRR226274,2,41000001,42000000,2
HRR226274,2,42000001,43000000,2
HRR226274,2,43000001,44000000,2
HRR226274,2,44000001,45000000,2
HRR226274,2,45000001,46000000,2
HRR226274,2,46000001,47000000,2
HRR226274,2,47000001,48000000,2
HRR226274,2,48000001,49000000,2
HRR226274,2,51000001,52000000,2
HRR226274,2,52000001,53000000,2
HRR226274,2,53000001,54000000,2
HRR226274,2,55000001,56000000,2
HRR226274,2,56000001,57000000,2
HRR226274,2,58000001,59000000,2
HRR226274,2,59000001,60000000,2
HRR226274,2,60000001,61000000,2
HRR226274,2,61000001,62000000,2
HRR226274,2,62000001,63000000,2
HRR226274,2,63000001,64000000,2
HRR226274,2,64000001,65000000,2
HRR226274,2,65000001,66000000,2
HRR226274,2,66000001,67000000,2
HRR226274,2,68000001,69000000,2
HRR226274,2,69000001,70000000,2
HRR226274,2,70000001,71000000,2
HRR226274,2,71000001,72000000,2
HRR226274,2,72000001,73000000,2
HRR226274,2,73000001,74000000,2
HRR226274,2,74000001,75000000,2
HRR226274,2,76000001,77000000,2
HRR226274,2,77000001,78000000,2
HRR226274,2,78000001,79000000,2
HRR226274,2,79000001,80000000,2
HRR226274,2,80000001,81000000,2
HRR226274,2,83000001,84000000,2
HRR226274,2,84000001,85000000,2
HRR226274,2,86000001,87000000,2
HRR226274,2,91000001,92000000,2
HRR226274,2,96000001,97000000,2
HRR226274,2,98000001,99000000,2
HRR226274,2,99000001,100000000,2
HRR226274,2,100000001,101000000,2
HRR226274,2,101000001,102000000,2
HRR226274,2,103000001,104000000,2
HRR226274,2,104000001,105000000,2
HRR226274,2,105000001,106000000,2
HRR226274,2,106000001,107000000,2
HRR226274,2,107000001,108000000,2
HRR226274,2,108000001,109000000,2
HRR226274,2,109000001,110000000,2
HRR226274,2,112000001,113000000,2
HRR226274,2,113000001,114000000,2
HRR226274,2,114000001,115000000,2
HRR226274,2,115000001,116000000,2
HRR226274,2,118000001,119000000,2
HRR226274,2,119000001,120000000,2
HRR226274,2,122000001,123000000,2
HRR226274,2,123000001,124000000,2
HRR226274,2,126000001,127000000,2
HRR226274,2,127000001,128000000,2
HRR226274,2,128000001,129000000,2
HRR226274,2,132000001,133000000,3
HRR226274,2,133000001,134000000,3
HRR226274,2,134000001,135000000,2
HRR226274,2,135000001,136000000,2
HRR226274,2,136000001,137000000,2
HRR226274,2,137000001,138000000,2
HRR226274,2,138000001,139000000,2
HRR226274,2,139000001,140000000,2
HRR226274,2,141000001,142000000,2
HRR226274,2,142000001,143000000,2
HRR226274,2,144000001,145000000,2
HRR226274,2,145000001,146000000,2
HRR226274,2,146000001,147000000,2
HRR226274,2,149000001,150000000,2
HRR226274,2,150000001,151000000,2
HRR226274,2,151000001,152000000,2
HRR226274,2,152000001,153000000,2
HRR226274,2,153000001,154000000,2
HRR226274,2,154000001,155000000,2
HRR226274,2,157000001,158000000,2
HRR226274,2,158000001,159000000,2
HRR226274,2,159000001,160000000,2
HRR226274,2,160000001,161000000,2
HRR226274,2,161000001,162000000,2
HRR226274,2,163000001,164000000,2
HRR226274,2,165000001,166000000,2
HRR226274,2,169000001,170000000,2
HRR226274,2,170000001,171000000,2
HRR226274,2,171000001,172000000,2
HRR226274,2,172000001,173000000,2
HRR226274,2,173000001,174000000,2
HRR226274,2,174000001,175000000,1
HRR226274,2,175000001,176000000,2
HRR226274,2,176000001,177000000,1
HRR226274,2,177000001,178000000,2
HRR226274,2,178000001,179000000,2
HRR226274,2,180000001,181000000,2
HRR226274,2,181000001,182000000,2
HRR226274,2,182000001,183000000,2
HRR226274,2,183000001,184000000,2
HRR226274,2,184000001,185000000,2
HRR226274,2,185000001,186000000,2
HRR226274,2,186000001,187000000,2
HRR226274,2,187000001,188000000,2
HRR226274,2,188000001,189000000,2
HRR226274,2,189000001,190000000,2
HRR226274,2,191000001,192000000,2
HRR226274,2,192000001,193000000,2
HRR226274,2,193000001,194000000,2
HRR226274,2,194000001,195000000,2
HRR226274,2,195000001,196000000,2
HRR226274,2,197000001,198000000,2
HRR226274,2,198000001,199000000,2
HRR226274,2,199000001,200000000,2
HRR226274,2,200000001,201000000,2
HRR226274,2,203000001,204000000,2
HRR226274,2,204000001,205000000,2
HRR226274,2,205000001,206000000,2
HRR226274,2,206000001,207000000,2
HRR226274,2,207000001,208000000,2
HRR226274,2,208000001,209000000,2
HRR226274,2,209000001,210000000,2
HRR226274,2,210000001,211000000,2
HRR226274,2,212000001,213000000,2
HRR226274,2,213000001,214000000,2
HRR226274,2,214000001,215000000,2
HRR226274,2,216000001,217000000,2
HRR226274,2,217000001,218000000,2
HRR226274,2,218000001,219000000,2
HRR226274,2,219000001,220000000,2
HRR226274,2,220000001,221000000,2
HRR226274,2,221000001,222000000,2
HRR226274,2,222000001,223000000,2
HRR226274,2,223000001,224000000,2
HRR226274,2,224000001,225000000,2
HRR226274,2,225000001,226000000,2
HRR226274,2,227000001,228000000,2
HRR226274,2,228000001,229000000,3
HRR226274,2,229000001,230000000,2
HRR226274,2,230000001,231000000,3
HRR226274,2,231000001,232000000,2
HRR226274,2,232000001,233000000,2
HRR226274,2,233000001,234000000,2
HRR226274,2,234000001,235000000,2
HRR226274,2,235000001,236000000,2
HRR226274,2,236000001,237000000,2
HRR226274,2,238000001,239000000,2
HRR226274,2,239000001,240000000,2
HRR226274,2,240000001,241000000,1
HRR226274,2,241000001,242000000,2
HRR226274,3,1,1000000,2
HRR226274,3,1000001,2000000,2
HRR226274,3,2000001,3000000,2
HRR226274,3,4000001,5000000,2
HRR226274,3,5000001,6000000,3
HRR226274,3,6000001,7000000,2
HRR226274,3,7000001,8000000,2
HRR226274,3,8000001,9000000,2
HRR226274,3,9000001,10000000,2
HRR226274,3,10000001,11000000,2
HRR226274,3,11000001,12000000,2
HRR226274,3,12000001,13000000,1
HRR226274,3,13000001,14000000,2
HRR226274,3,14000001,15000000,2
HRR226274,3,15000001,16000000,2
HRR226274,3,16000001,17000000,2
HRR226274,3,17000001,18000000,2
HRR226274,3,18000001,19000000,3
HRR226274,3,19000001,20000000,2
HRR226274,3,20000001,21000000,2
HRR226274,3,21000001,22000000,2
HRR226274,3,22000001,23000000,2
HRR226274,3,23000001,24000000,2
HRR226274,3,26000001,27000000,3
HRR226274,3,27000001,28000000,2
HRR226274,3,28000001,29000000,2
HRR226274,3,30000001,31000000,2
HRR226274,3,31000001,32000000,2
HRR226274,3,32000001,33000000,1
HRR226274,3,34000001,35000000,2
HRR226274,3,35000001,36000000,2
HRR226274,3,36000001,37000000,2
HRR226274,3,37000001,38000000,2
HRR226274,3,38000001,39000000,2
HRR226274,3,39000001,40000000,2
HRR226274,3,42000001,43000000,2
HRR226274,3,44000001,45000000,2
HRR226274,3,45000001,46000000,2
HRR226274,3,46000001,47000000,2
HRR226274,3,47000001,48000000,2
HRR226274,3,48000001,49000000,1
HRR226274,3,49000001,50000000,2
HRR226274,3,50000001,51000000,2
HRR226274,3,51000001,52000000,2
HRR226274,3,52000001,53000000,2
HRR226274,3,53000001,54000000,2
HRR226274,3,54000001,55000000,3
HRR226274,3,55000001,56000000,2
HRR226274,3,56000001,57000000,2
HRR226274,3,57000001,58000000,2
HRR226274,3,58000001,59000000,2
HRR226274,3,59000001,60000000,2
HRR226274,3,60000001,61000000,2
HRR226274,3,61000001,62000000,2
HRR226274,3,62000001,63000000,2
HRR226274,3,63000001,64000000,2
HRR226274,3,64000001,65000000,2
HRR226274,3,65000001,66000000,2
HRR226274,3,66000001,67000000,2
HRR226274,3,67000001,68000000,3
HRR226274,3,69000001,70000000,2
HRR226274,3,70000001,71000000,2
HRR226274,3,71000001,72000000,2
HRR226274,3,72000001,73000000,2
HRR226274,3,74000001,75000000,2
HRR226274,3,75000001,76000000,3
HRR226274,3,76000001,77000000,2
HRR226274,3,77000001,78000000,2
HRR226274,3,78000001,79000000,2
HRR226274,3,79000001,80000000,2
HRR226274,3,80000001,81000000,2
HRR226274,3,81000001,82000000,2
HRR226274,3,83000001,84000000,2
HRR226274,3,84000001,85000000,2
HRR226274,3,85000001,86000000,2
HRR226274,3,86000001,87000000,2
HRR226274,3,87000001,88000000,2
HRR226274,3,88000001,89000000,2
HRR226274,3,94000001,95000000,2
HRR226274,3,95000001,96000000,2
HRR226274,3,97000001,98000000,2
HRR226274,3,98000001,99000000,2
HRR226274,3,99000001,100000000,2
HRR226274,3,100000001,101000000,2
HRR226274,3,101000001,102000000,2
HRR226274,3,102000001,103000000,2
HRR226274,3,103000001,104000000,2
HRR226274,3,104000001,105000000,2
HRR226274,3,105000001,106000000,2
HRR226274,3,107000001,108000000,2
HRR226274,3,108000001,109000000,2
HRR226274,3,109000001,110000000,2
HRR226274,3,110000001,111000000,2
HRR226274,3,111000001,112000000,2
HRR226274,3,112000001,113000000,2
HRR226274,3,113000001,114000000,2
HRR226274,3,114000001,115000000,2
HRR226274,3,115000001,116000000,2
HRR226274,3,116000001,117000000,2
HRR226274,3,117000001,118000000,2
HRR226274,3,118000001,119000000,2
HRR226274,3,121000001,122000000,2
HRR226274,3,123000001,124000000,2
HRR226274,3,124000001,125000000,2
HRR226274,3,126000001,127000000,2
HRR226274,3,129000001,130000000,2
HRR226274,3,131000001,132000000,2
HRR226274,3,132000001,133000000,2
HRR226274,3,133000001,134000000,2
HRR226274,3,134000001,135000000,2
HRR226274,3,135000001,136000000,3
HRR226274,3,136000001,137000000,2
HRR226274,3,138000001,139000000,2
HRR226274,3,139000001,140000000,3
HRR226274,3,140000001,141000000,2
HRR226274,3,141000001,142000000,2
HRR226274,3,143000001,144000000,2
HRR226274,3,144000001,145000000,2
HRR226274,3,145000001,146000000,2
HRR226274,3,146000001,147000000,2
HRR226274,3,147000001,148000000,2
HRR226274,3,148000001,149000000,2
HRR226274,3,149000001,150000000,1
HRR226274,3,150000001,151000000,2
HRR226274,3,151000001,152000000,2
HRR226274,3,154000001,155000000,2
HRR226274,3,155000001,156000000,2
HRR226274,3,156000001,157000000,2
HRR226274,3,157000001,158000000,2
HRR226274,3,158000001,159000000,2
HRR226274,3,159000001,160000000,2
HRR226274,3,161000001,162000000,2
HRR226274,3,163000001,164000000,2
HRR226274,3,164000001,165000000,2
HRR226274,3,165000001,166000000,2
HRR226274,3,167000001,168000000,2
HRR226274,3,168000001,169000000,2
HRR226274,3,169000001,170000000,2
HRR226274,3,170000001,171000000,2
HRR226274,3,172000001,173000000,2
HRR226274,3,173000001,174000000,2
HRR226274,3,174000001,175000000,2
HRR226274,3,175000001,176000000,2
HRR226274,3,176000001,177000000,2
HRR226274,3,178000001,179000000,2
HRR226274,3,179000001,180000000,1
HRR226274,3,180000001,181000000,2
HRR226274,3,181000001,182000000,2
HRR226274,3,182000001,183000000,2
HRR226274,3,183000001,184000000,2
HRR226274,3,184000001,185000000,2
HRR226274,3,185000001,186000000,2
HRR226274,3,186000001,187000000,2
HRR226274,3,187000001,188000000,3
HRR226274,3,188000001,189000000,2
HRR226274,3,189000001,190000000,2
HRR226274,3,190000001,191000000,2
HRR226274,3,191000001,192000000,2
HRR226274,3,193000001,194000000,2
HRR226274,3,194000001,195000000,2
HRR226274,3,195000001,196000000,2
HRR226274,3,196000001,197000000,1
HRR226274,3,197000001,198000000,2
HRR226274,4,1000001,2000000,1
HRR226274,4,2000001,3000000,2
HRR226274,4,3000001,4000000,3
HRR226274,4,4000001,5000000,2
HRR226274,4,6000001,7000000,1
HRR226274,4,7000001,8000000,2
HRR226274,4,8000001,9000000,2
HRR226274,4,10000001,11000000,2
HRR226274,4,11000001,12000000,2
HRR226274,4,13000001,14000000,2
HRR226274,4,15000001,16000000,2
HRR226274,4,16000001,17000000,2
HRR226274,4,19000001,20000000,2
HRR226274,4,20000001,21000000,2
HRR226274,4,21000001,22000000,2
HRR226274,4,23000001,24000000,2
HRR226274,4,24000001,25000000,2
HRR226274,4,26000001,27000000,2
HRR226274,4,28000001,29000000,2
HRR226274,4,29000001,30000000,2
HRR226274,4,31000001,32000000,2
HRR226274,4,33000001,34000000,2
HRR226274,4,34000001,35000000,2
HRR226274,4,35000001,36000000,2
HRR226274,4,36000001,37000000,2
HRR226274,4,37000001,38000000,2
HRR226274,4,38000001,39000000,2
HRR226274,4,39000001,40000000,2
HRR226274,4,40000001,41000000,2
HRR226274,4,42000001,43000000,2
HRR226274,4,43000001,44000000,2
HRR226274,4,44000001,45000000,2
HRR226274,4,45000001,46000000,2
HRR226274,4,46000001,47000000,2
HRR226274,4,48000001,49000000,2
HRR226274,4,52000001,53000000,2
HRR226274,4,53000001,54000000,2
HRR226274,4,54000001,55000000,2
HRR226274,4,56000001,57000000,2
HRR226274,4,57000001,58000000,2
HRR226274,4,58000001,59000000,2
HRR226274,4,59000001,60000000,2
HRR226274,4,60000001,61000000,2
HRR226274,4,61000001,62000000,2
HRR226274,4,62000001,63000000,2
HRR226274,4,63000001,64000000,2
HRR226274,4,65000001,66000000,2
HRR226274,4,67000001,68000000,2
HRR226274,4,69000001,70000000,2
HRR226274,4,70000001,71000000,2
HRR226274,4,71000001,72000000,2
HRR226274,4,72000001,73000000,2
HRR226274,4,73000001,74000000,2
HRR226274,4,74000001,75000000,2
HRR226274,4,75000001,76000000,2
HRR226274,4,76000001,77000000,2
HRR226274,4,77000001,78000000,2
HRR226274,4,79000001,80000000,2
HRR226274,4,80000001,81000000,2
HRR226274,4,81000001,82000000,2
HRR226274,4,82000001,83000000,2
HRR226274,4,84000001,85000000,2
HRR226274,4,85000001,86000000,2
HRR226274,4,86000001,87000000,2
HRR226274,4,87000001,88000000,2
HRR226274,4,88000001,89000000,2
HRR226274,4,90000001,91000000,2
HRR226274,4,91000001,92000000,2
HRR226274,4,93000001,94000000,2
HRR226274,4,94000001,95000000,2
HRR226274,4,95000001,96000000,2
HRR226274,4,96000001,97000000,2
HRR226274,4,97000001,98000000,2
HRR226274,4,98000001,99000000,2
HRR226274,4,99000001,100000000,2
HRR226274,4,100000001,101000000,2
HRR226274,4,101000001,102000000,2
HRR226274,4,102000001,103000000,2
HRR226274,4,103000001,104000000,2
HRR226274,4,104000001,105000000,2
HRR226274,4,105000001,106000000,2
HRR226274,4,106000001,107000000,2
HRR226274,4,108000001,109000000,2
HRR226274,4,109000001,110000000,2
HRR226274,4,110000001,111000000,2
HRR226274,4,111000001,112000000,2
HRR226274,4,113000001,114000000,2
HRR226274,4,114000001,115000000,2
HRR226274,4,115000001,116000000,2
HRR226274,4,117000001,118000000,2
HRR226274,4,118000001,119000000,2
HRR226274,4,119000001,120000000,2
HRR226274,4,120000001,121000000,2
HRR226274,4,121000001,122000000,2
HRR226274,4,122000001,123000000,2
HRR226274,4,123000001,124000000,2
HRR226274,4,124000001,125000000,2
HRR226274,4,125000001,126000000,2
HRR226274,4,126000001,127000000,2
HRR226274,4,127000001,128000000,2
HRR226274,4,129000001,130000000,2
HRR226274,4,130000001,131000000,2
HRR226274,4,131000001,132000000,2
HRR226274,4,132000001,133000000,2
HRR226274,4,133000001,134000000,2
HRR226274,4,134000001,135000000,2
HRR226274,4,135000001,136000000,2
HRR226274,4,136000001,137000000,2
HRR226274,4,137000001,138000000,2
HRR226274,4,138000001,139000000,2
HRR226274,4,139000001,140000000,2
HRR226274,4,141000001,142000000,2
HRR226274,4,142000001,143000000,2
HRR226274,4,145000001,146000000,2
HRR226274,4,146000001,147000000,2
HRR226274,4,147000001,148000000,2
HRR226274,4,148000001,149000000,2
HRR226274,4,149000001,150000000,2
HRR226274,4,150000001,151000000,1
HRR226274,4,151000001,152000000,2
HRR226274,4,152000001,153000000,2
HRR226274,4,153000001,154000000,2
HRR226274,4,154000001,155000000,2
HRR226274,4,156000001,157000000,2
HRR226274,4,158000001,159000000,2
HRR226274,4,159000001,160000000,2
HRR226274,4,163000001,164000000,2
HRR226274,4,164000001,165000000,2
HRR226274,4,165000001,166000000,2
HRR226274,4,166000001,167000000,2
HRR226274,4,167000001,168000000,2
HRR226274,4,168000001,169000000,2
HRR226274,4,169000001,170000000,2
HRR226274,4,170000001,171000000,2
HRR226274,4,171000001,172000000,2
HRR226274,4,173000001,174000000,2
HRR226274,4,174000001,175000000,2
HRR226274,4,175000001,176000000,2
HRR226274,4,176000001,177000000,2
HRR226274,4,177000001,178000000,2
HRR226274,4,178000001,179000000,2
HRR226274,4,180000001,181000000,2
HRR226274,4,181000001,182000000,2
HRR226274,4,182000001,183000000,2
HRR226274,4,184000001,185000000,2
HRR226274,4,185000001,186000000,2
HRR226274,4,186000001,187000000,2
HRR226274,4,187000001,188000000,2
HRR226274,4,188000001,189000000,2
HRR226274,5,1000001,2000000,1
HRR226274,5,2000001,3000000,2
HRR226274,5,3000001,4000000,2
HRR226274,5,4000001,5000000,2
HRR226274,5,6000001,7000000,2
HRR226274,5,7000001,8000000,2
HRR226274,5,9000001,10000000,2
HRR226274,5,10000001,11000000,2
HRR226274,5,11000001,12000000,2
HRR226274,5,12000001,13000000,2
HRR226274,5,13000001,14000000,2
HRR226274,5,14000001,15000000,2
HRR226274,5,15000001,16000000,2
HRR226274,5,16000001,17000000,2
HRR226274,5,17000001,18000000,2
HRR226274,5,18000001,19000000,2
HRR226274,5,19000001,20000000,2
HRR226274,5,20000001,21000000,2
HRR226274,5,21000001,22000000,2
HRR226274,5,22000001,23000000,2
HRR226274,5,23000001,24000000,2
HRR226274,5,24000001,25000000,2
HRR226274,5,25000001,26000000,2
HRR226274,5,26000001,27000000,2
HRR226274,5,27000001,28000000,2
HRR226274,5,28000001,29000000,2
HRR226274,5,29000001,30000000,2
HRR226274,5,30000001,31000000,2
HRR226274,5,31000001,32000000,2
HRR226274,5,33000001,34000000,2
HRR226274,5,34000001,35000000,2
HRR226274,5,35000001,36000000,2
HRR226274,5,36000001,37000000,2
HRR226274,5,38000001,39000000,2
HRR226274,5,39000001,40000000,2
HRR226274,5,40000001,41000000,2
HRR226274,5,41000001,42000000,2
HRR226274,5,42000001,43000000,2
HRR226274,5,43000001,44000000,2
HRR226274,5,44000001,45000000,2
HRR226274,5,51000001,52000000,2
HRR226274,5,52000001,53000000,2
HRR226274,5,53000001,54000000,2
HRR226274,5,54000001,55000000,2
HRR226274,5,55000001,56000000,2
HRR226274,5,56000001,57000000,2
HRR226274,5,57000001,58000000,2
HRR226274,5,58000001,59000000,2
HRR226274,5,59000001,60000000,2
HRR226274,5,61000001,62000000,2
HRR226274,5,62000001,63000000,2
HRR226274,5,63000001,64000000,2
HRR226274,5,64000001,65000000,2
HRR226274,5,65000001,66000000,2
HRR226274,5,67000001,68000000,2
HRR226274,5,68000001,69000000,2
HRR226274,5,71000001,72000000,2
HRR226274,5,72000001,73000000,2
HRR226274,5,74000001,75000000,2
HRR226274,5,75000001,76000000,2
HRR226274,5,76000001,77000000,2
HRR226274,5,77000001,78000000,1
HRR226274,5,78000001,79000000,2
HRR226274,5,81000001,82000000,2
HRR226274,5,82000001,83000000,2
HRR226274,5,83000001,84000000,2
HRR226274,5,84000001,85000000,2
HRR226274,5,85000001,86000000,2
HRR226274,5,86000001,87000000,2
HRR226274,5,87000001,88000000,2
HRR226274,5,88000001,89000000,2
HRR226274,5,89000001,90000000,2
HRR226274,5,90000001,91000000,2
HRR226274,5,91000001,92000000,2
HRR226274,5,92000001,93000000,2
HRR226274,5,93000001,94000000,2
HRR226274,5,95000001,96000000,2
HRR226274,5,96000001,97000000,2
HRR226274,5,101000001,102000000,2
HRR226274,5,102000001,103000000,2
HRR226274,5,103000001,104000000,2
HRR226274,5,104000001,105000000,2
HRR226274,5,105000001,106000000,2
HRR226274,5,107000001,108000000,2
HRR226274,5,108000001,109000000,2
HRR226274,5,109000001,110000000,2
HRR226274,5,110000001,111000000,2
HRR226274,5,112000001,113000000,2
HRR226274,5,113000001,114000000,2
HRR226274,5,114000001,115000000,2
HRR226274,5,115000001,116000000,2
HRR226274,5,116000001,117000000,2
HRR226274,5,117000001,118000000,2
HRR226274,5,118000001,119000000,2
HRR226274,5,120000001,121000000,2
HRR226274,5,124000001,125000000,2
HRR226274,5,125000001,126000000,2
HRR226274,5,126000001,127000000,2
HRR226274,5,127000001,128000000,2
HRR226274,5,128000001,129000000,2
HRR226274,5,129000001,130000000,2
HRR226274,5,130000001,131000000,2
HRR226274,5,131000001,132000000,2
HRR226274,5,132000001,133000000,2
HRR226274,5,133000001,134000000,2
HRR226274,5,135000001,136000000,2
HRR226274,5,138000001,139000000,2
HRR226274,5,139000001,140000000,2
HRR226274,5,140000001,141000000,2
HRR226274,5,141000001,142000000,1
HRR226274,5,142000001,143000000,2
HRR226274,5,143000001,144000000,2
HRR226274,5,144000001,145000000,2
HRR226274,5,145000001,146000000,2
HRR226274,5,146000001,147000000,2
HRR226274,5,147000001,148000000,2
HRR226274,5,148000001,149000000,2
HRR226274,5,149000001,150000000,2
HRR226274,5,150000001,151000000,2
HRR226274,5,151000001,152000000,2
HRR226274,5,153000001,154000000,2
HRR226274,5,154000001,155000000,2
HRR226274,5,155000001,156000000,2
HRR226274,5,156000001,157000000,2
HRR226274,5,157000001,158000000,2
HRR226274,5,158000001,159000000,2
HRR226274,5,159000001,160000000,2
HRR226274,5,161000001,162000000,2
HRR226274,5,162000001,163000000,2
HRR226274,5,165000001,166000000,2
HRR226274,5,167000001,168000000,2
HRR226274,5,168000001,169000000,2
HRR226274,5,169000001,170000000,2
HRR226274,5,171000001,172000000,2
HRR226274,5,172000001,173000000,2
HRR226274,5,173000001,174000000,2
HRR226274,5,174000001,175000000,3
HRR226274,5,175000001,176000000,2
HRR226274,5,176000001,177000000,2
HRR226274,5,178000001,179000000,2
HRR226274,5,179000001,180000000,2
HRR226274,5,180000001,181000000,1
HRR226274,6,2000001,3000000,2
HRR226274,6,4000001,5000000,2
HRR226274,6,5000001,6000000,2
HRR226274,6,6000001,7000000,2
HRR226274,6,7000001,8000000,2
HRR226274,6,8000001,9000000,2
HRR226274,6,9000001,10000000,2
HRR226274,6,10000001,11000000,2
HRR226274,6,11000001,12000000,2
HRR226274,6,12000001,13000000,2
HRR226274,6,13000001,14000000,2
HRR226274,6,14000001,15000000,3
HRR226274,6,15000001,16000000,2
HRR226274,6,16000001,17000000,2
HRR226274,6,17000001,18000000,2
HRR226274,6,18000001,19000000,2
HRR226274,6,19000001,20000000,2
HRR226274,6,20000001,21000000,2
HRR226274,6,21000001,22000000,2
HRR226274,6,22000001,23000000,2
HRR226274,6,23000001,24000000,2
HRR226274,6,24000001,25000000,2
HRR226274,6,25000001,26000000,2
HRR226274,6,26000001,27000000,2
HRR226274,6,27000001,28000000,2
HRR226274,6,28000001,29000000,2
HRR226274,6,30000001,31000000,2
HRR226274,6,31000001,32000000,2
HRR226274,6,33000001,34000000,2
HRR226274,6,34000001,35000000,2
HRR226274,6,35000001,36000000,2
HRR226274,6,36000001,37000000,1
HRR226274,6,37000001,38000000,2
HRR226274,6,38000001,39000000,2
HRR226274,6,39000001,40000000,2
HRR226274,6,40000001,41000000,2
HRR226274,6,41000001,42000000,2
HRR226274,6,42000001,43000000,2
HRR226274,6,44000001,45000000,2
HRR226274,6,45000001,46000000,2
HRR226274,6,46000001,47000000,2
HRR226274,6,47000001,48000000,2
HRR226274,6,48000001,49000000,2
HRR226274,6,49000001,50000000,2
HRR226274,6,50000001,51000000,2
HRR226274,6,51000001,52000000,2
HRR226274,6,52000001,53000000,2
HRR226274,6,53000001,54000000,2
HRR226274,6,55000001,56000000,2
HRR226274,6,56000001,57000000,2
HRR226274,6,62000001,63000000,2
HRR226274,6,63000001,64000000,2
HRR226274,6,64000001,65000000,2
HRR226274,6,65000001,66000000,2
HRR226274,6,66000001,67000000,2
HRR226274,6,67000001,68000000,2
HRR226274,6,68000001,69000000,2
HRR226274,6,69000001,70000000,2
HRR226274,6,70000001,71000000,2
HRR226274,6,71000001,72000000,2
HRR226274,6,73000001,74000000,1
HRR226274,6,74000001,75000000,2
HRR226274,6,75000001,76000000,2
HRR226274,6,77000001,78000000,2
HRR226274,6,78000001,79000000,2
HRR226274,6,79000001,80000000,2
HRR226274,6,80000001,81000000,2
HRR226274,6,81000001,82000000,2
HRR226274,6,82000001,83000000,2
HRR226274,6,83000001,84000000,2
HRR226274,6,84000001,85000000,2
HRR226274,6,85000001,86000000,2
HRR226274,6,86000001,87000000,3
HRR226274,6,87000001,88000000,2
HRR226274,6,89000001,90000000,2
HRR226274,6,90000001,91000000,2
HRR226274,6,92000001,93000000,2
HRR226274,6,93000001,94000000,2
HRR226274,6,95000001,96000000,2
HRR226274,6,97000001,98000000,2
HRR226274,6,98000001,99000000,2
HRR226274,6,99000001,100000000,2
HRR226274,6,100000001,101000000,2
HRR226274,6,101000001,102000000,2
HRR226274,6,102000001,103000000,2
HRR226274,6,103000001,104000000,2
HRR226274,6,105000001,106000000,2
HRR226274,6,106000001,107000000,2
HRR226274,6,107000001,108000000,2
HRR226274,6,108000001,109000000,2
HRR226274,6,109000001,110000000,2
HRR226274,6,110000001,111000000,2
HRR226274,6,111000001,112000000,2
HRR226274,6,112000001,113000000,2
HRR226274,6,113000001,114000000,2
HRR226274,6,115000001,116000000,2
HRR226274,6,116000001,117000000,2
HRR226274,6,117000001,118000000,2
HRR226274,6,118000001,119000000,2
HRR226274,6,119000001,120000000,2
HRR226274,6,120000001,121000000,2
HRR226274,6,121000001,122000000,2
HRR226274,6,123000001,124000000,2
HRR226274,6,124000001,125000000,2
HRR226274,6,125000001,126000000,2
HRR226274,6,128000001,129000000,2
HRR226274,6,129000001,130000000,2
HRR226274,6,130000001,131000000,2
HRR226274,6,131000001,132000000,2
HRR226274,6,134000001,135000000,2
HRR226274,6,135000001,136000000,2
HRR226274,6,136000001,137000000,2
HRR226274,6,137000001,138000000,2
HRR226274,6,139000001,140000000,2
HRR226274,6,140000001,141000000,2
HRR226274,6,141000001,142000000,2
HRR226274,6,142000001,143000000,2
HRR226274,6,144000001,145000000,2
HRR226274,6,145000001,146000000,2
HRR226274,6,146000001,147000000,2
HRR226274,6,147000001,148000000,2
HRR226274,6,148000001,149000000,2
HRR226274,6,149000001,150000000,2
HRR226274,6,150000001,151000000,2
HRR226274,6,151000001,152000000,2
HRR226274,6,152000001,153000000,2
HRR226274,6,154000001,155000000,2
HRR226274,6,155000001,156000000,2
HRR226274,6,157000001,158000000,2
HRR226274,6,158000001,159000000,2
HRR226274,6,159000001,160000000,2
HRR226274,6,160000001,161000000,2
HRR226274,6,161000001,162000000,2
HRR226274,6,162000001,163000000,2
HRR226274,6,164000001,165000000,2
HRR226274,6,165000001,166000000,2
HRR226274,6,166000001,167000000,2
HRR226274,6,167000001,168000000,2
HRR226274,6,168000001,169000000,1
HRR226274,6,169000001,170000000,1
HRR226274,6,170000001,170805979,1
HRR226274,7,1,1000000,1
HRR226274,7,1000001,2000000,1
HRR226274,7,2000001,3000000,2
HRR226274,7,3000001,4000000,2
HRR226274,7,4000001,5000000,2
HRR226274,7,6000001,7000000,2
HRR226274,7,7000001,8000000,2
HRR226274,7,8000001,9000000,2
HRR226274,7,9000001,10000000,2
HRR226274,7,10000001,11000000,2
HRR226274,7,11000001,12000000,2
HRR226274,7,12000001,13000000,2
HRR226274,7,13000001,14000000,2
HRR226274,7,14000001,15000000,2
HRR226274,7,15000001,16000000,2
HRR226274,7,16000001,17000000,2
HRR226274,7,17000001,18000000,2
HRR226274,7,19000001,20000000,2
HRR226274,7,20000001,21000000,2
HRR226274,7,21000001,22000000,2
HRR226274,7,23000001,24000000,2
HRR226274,7,24000001,25000000,2
HRR226274,7,25000001,26000000,2
HRR226274,7,26000001,27000000,2
HRR226274,7,27000001,28000000,2
HRR226274,7,28000001,29000000,2
HRR226274,7,29000001,30000000,2
HRR226274,7,30000001,31000000,2
HRR226274,7,31000001,32000000,2
HRR226274,7,32000001,33000000,2
HRR226274,7,34000001,35000000,3
HRR226274,7,35000001,36000000,2
HRR226274,7,38000001,39000000,2
HRR226274,7,39000001,40000000,2
HRR226274,7,40000001,41000000,2
HRR226274,7,41000001,42000000,2
HRR226274,7,42000001,43000000,2
HRR226274,7,43000001,44000000,2
HRR226274,7,44000001,45000000,2
HRR226274,7,46000001,47000000,2
HRR226274,7,47000001,48000000,2
HRR226274,7,48000001,49000000,2
HRR226274,7,49000001,50000000,2
HRR226274,7,50000001,51000000,2
HRR226274,7,51000001,52000000,2
HRR226274,7,52000001,53000000,2
HRR226274,7,53000001,54000000,2
HRR226274,7,54000001,55000000,2
HRR226274,7,70000001,71000000,2
HRR226274,7,71000001,72000000,3
HRR226274,7,73000001,74000000,2
HRR226274,7,74000001,75000000,3
HRR226274,7,75000001,76000000,2
HRR226274,7,77000001,78000000,2
HRR226274,7,78000001,79000000,2
HRR226274,7,79000001,80000000,2
HRR226274,7,80000001,81000000,2
HRR226274,7,81000001,82000000,2
HRR226274,7,82000001,83000000,2
HRR226274,7,84000001,85000000,2
HRR226274,7,85000001,86000000,2
HRR226274,7,86000001,87000000,2
HRR226274,7,87000001,88000000,2
HRR226274,7,88000001,89000000,2
HRR226274,7,89000001,90000000,2
HRR226274,7,90000001,91000000,2
HRR226274,7,91000001,92000000,2
HRR226274,7,92000001,93000000,2
HRR226274,7,93000001,94000000,2
HRR226274,7,94000001,95000000,2
HRR226274,7,96000001,97000000,2
HRR226274,7,97000001,98000000,2
HRR226274,7,98000001,99000000,3
HRR226274,7,99000001,100000000,2
HRR226274,7,100000001,101000000,2
HRR226274,7,101000001,102000000,3
HRR226274,7,102000001,103000000,2
HRR226274,7,103000001,104000000,2
HRR226274,7,105000001,106000000,2
HRR226274,7,106000001,107000000,3
HRR226274,7,107000001,108000000,2
HRR226274,7,108000001,109000000,2
HRR226274,7,109000001,110000000,2
HRR226274,7,110000001,111000000,2
HRR226274,7,111000001,112000000,2
HRR226274,7,113000001,114000000,2
HRR226274,7,114000001,115000000,2
HRR226274,7,115000001,116000000,2
HRR226274,7,116000001,117000000,2
HRR226274,7,118000001,119000000,2
HRR226274,7,119000001,120000000,2
HRR226274,7,120000001,121000000,2
HRR226274,7,121000001,122000000,2
HRR226274,7,122000001,123000000,2
HRR226274,7,123000001,124000000,2
HRR226274,7,124000001,125000000,2
HRR226274,7,125000001,126000000,2
HRR226274,7,126000001,127000000,2
HRR226274,7,127000001,128000000,2
HRR226274,7,128000001,129000000,2
HRR226274,7,129000001,130000000,2
HRR226274,7,131000001,132000000,2
HRR226274,7,132000001,133000000,2
HRR226274,7,133000001,134000000,2
HRR226274,7,134000001,135000000,2
HRR226274,7,135000001,136000000,2
HRR226274,7,136000001,137000000,2
HRR226274,7,137000001,138000000,2
HRR226274,7,138000001,139000000,2
HRR226274,7,139000001,140000000,2
HRR226274,7,140000001,141000000,2
HRR226274,7,144000001,145000000,2
HRR226274,7,146000001,147000000,2
HRR226274,7,147000001,148000000,2
HRR226274,7,148000001,149000000,2
HRR226274,7,149000001,150000000,2
HRR226274,7,151000001,152000000,1
HRR226274,7,152000001,153000000,2
HRR226274,7,154000001,155000000,2
HRR226274,7,155000001,156000000,1
HRR226274,7,156000001,157000000,2
HRR226274,7,157000001,158000000,1
HRR226274,7,158000001,159000000,1
HRR226274,8,1,1000000,2
HRR226274,8,1000001,2000000,2
HRR226274,8,3000001,4000000,2
HRR226274,8,4000001,5000000,2
HRR226274,8,5000001,6000000,2
HRR226274,8,6000001,7000000,2
HRR226274,8,9000001,10000000,2
HRR226274,8,10000001,11000000,2
HRR226274,8,11000001,12000000,2
HRR226274,8,14000001,15000000,2
HRR226274,8,15000001,16000000,2
HRR226274,8,17000001,18000000,2
HRR226274,8,19000001,20000000,2
HRR226274,8,21000001,22000000,2
HRR226274,8,22000001,23000000,2
HRR226274,8,23000001,24000000,2
HRR226274,8,24000001,25000000,2
HRR226274,8,25000001,26000000,2
HRR226274,8,26000001,27000000,2
HRR226274,8,27000001,28000000,2
HRR226274,8,28000001,29000000,2
HRR226274,8,29000001,30000000,2
HRR226274,8,30000001,31000000,2
HRR226274,8,31000001,32000000,2
HRR226274,8,34000001,35000000,2
HRR226274,8,35000001,36000000,2
HRR226274,8,37000001,38000000,2
HRR226274,8,38000001,39000000,2
HRR226274,8,39000001,40000000,2
HRR226274,8,41000001,42000000,2
HRR226274,8,42000001,43000000,2
HRR226274,8,47000001,48000000,2
HRR226274,8,48000001,49000000,2
HRR226274,8,49000001,50000000,2
HRR226274,8,51000001,52000000,2
HRR226274,8,52000001,53000000,2
HRR226274,8,53000001,54000000,2
HRR226274,8,54000001,55000000,2
HRR226274,8,55000001,56000000,2
HRR226274,8,57000001,58000000,2
HRR226274,8,58000001,59000000,2
HRR226274,8,59000001,60000000,2
HRR226274,8,60000001,61000000,2
HRR226274,8,62000001,63000000,2
HRR226274,8,63000001,64000000,2
HRR226274,8,64000001,65000000,2
HRR226274,8,65000001,66000000,2
HRR226274,8,66000001,67000000,2
HRR226274,8,68000001,69000000,2
HRR226274,8,70000001,71000000,2
HRR226274,8,71000001,72000000,2
HRR226274,8,73000001,74000000,2
HRR226274,8,75000001,76000000,2
HRR226274,8,77000001,78000000,2
HRR226274,8,78000001,79000000,2
HRR226274,8,79000001,80000000,2
HRR226274,8,80000001,81000000,2
HRR226274,8,81000001,82000000,2
HRR226274,8,82000001,83000000,2
HRR226274,8,83000001,84000000,2
HRR226274,8,84000001,85000000,2
HRR226274,8,85000001,86000000,2
HRR226274,8,86000001,87000000,2
HRR226274,8,87000001,88000000,2
HRR226274,8,88000001,89000000,2
HRR226274,8,89000001,90000000,2
HRR226274,8,90000001,91000000,2
HRR226274,8,91000001,92000000,2
HRR226274,8,92000001,93000000,2
HRR226274,8,93000001,94000000,2
HRR226274,8,94000001,95000000,2
HRR226274,8,95000001,96000000,2
HRR226274,8,96000001,97000000,2
HRR226274,8,98000001,99000000,2
HRR226274,8,100000001,101000000,2
HRR226274,8,101000001,102000000,2
HRR226274,8,104000001,105000000,2
HRR226274,8,105000001,106000000,2
HRR226274,8,106000001,107000000,2
HRR226274,8,107000001,108000000,2
HRR226274,8,109000001,110000000,2
HRR226274,8,112000001,113000000,2
HRR226274,8,113000001,114000000,2
HRR226274,8,114000001,115000000,2
HRR226274,8,115000001,116000000,2
HRR226274,8,116000001,117000000,2
HRR226274,8,117000001,118000000,2
HRR226274,8,118000001,119000000,2
HRR226274,8,119000001,120000000,2
HRR226274,8,121000001,122000000,2
HRR226274,8,122000001,123000000,2
HRR226274,8,123000001,124000000,2
HRR226274,8,124000001,125000000,2
HRR226274,8,125000001,126000000,2
HRR226274,8,126000001,127000000,2
HRR226274,8,128000001,129000000,2
HRR226274,8,129000001,130000000,2
HRR226274,8,130000001,131000000,2
HRR226274,8,131000001,132000000,2
HRR226274,8,132000001,133000000,2
HRR226274,8,134000001,135000000,2
HRR226274,8,135000001,136000000,2
HRR226274,8,136000001,137000000,2
HRR226274,8,137000001,138000000,2
HRR226274,8,138000001,139000000,3
HRR226274,8,139000001,140000000,2
HRR226274,8,140000001,141000000,2
HRR226274,8,141000001,142000000,2
HRR226274,8,142000001,143000000,2
HRR226274,8,143000001,144000000,1
HRR226274,8,144000001,145000000,1
HRR226274,9,1,1000000,2
HRR226274,9,1000001,2000000,2
HRR226274,9,2000001,3000000,2
HRR226274,9,3000001,4000000,2
HRR226274,9,4000001,5000000,2
HRR226274,9,6000001,7000000,2
HRR226274,9,7000001,8000000,2
HRR226274,9,8000001,9000000,2
HRR226274,9,10000001,11000000,2
HRR226274,9,11000001,12000000,2
HRR226274,9,12000001,13000000,2
HRR226274,9,13000001,14000000,2
HRR226274,9,14000001,15000000,2
HRR226274,9,16000001,17000000,2
HRR226274,9,17000001,18000000,2
HRR226274,9,19000001,20000000,2
HRR226274,9,20000001,21000000,2
HRR226274,9,21000001,22000000,2
HRR226274,9,22000001,23000000,2
HRR226274,9,23000001,24000000,2
HRR226274,9,24000001,25000000,2
HRR226274,9,25000001,26000000,2
HRR226274,9,26000001,27000000,2
HRR226274,9,27000001,28000000,2
HRR226274,9,28000001,29000000,2
HRR226274,9,29000001,30000000,2
HRR226274,9,30000001,31000000,2
HRR226274,9,32000001,33000000,2
HRR226274,9,35000001,36000000,2
HRR226274,9,37000001,38000000,2
HRR226274,9,38000001,39000000,2
HRR226274,9,69000001,70000000,2
HRR226274,9,70000001,71000000,2
HRR226274,9,71000001,72000000,2
HRR226274,9,73000001,74000000,2
HRR226274,9,74000001,75000000,2
HRR226274,9,75000001,76000000,2
HRR226274,9,76000001,77000000,2
HRR226274,9,77000001,78000000,2
HRR226274,9,83000001,84000000,2
HRR226274,9,84000001,85000000,2
HRR226274,9,85000001,86000000,2
HRR226274,9,86000001,87000000,2
HRR226274,9,87000001,88000000,3
HRR226274,9,88000001,89000000,2
HRR226274,9,89000001,90000000,2
HRR226274,9,90000001,91000000,2
HRR226274,9,91000001,92000000,2
HRR226274,9,93000001,94000000,2
HRR226274,9,94000001,95000000,2
HRR226274,9,96000001,97000000,2
HRR226274,9,97000001,98000000,2
HRR226274,9,98000001,99000000,2
HRR226274,9,99000001,100000000,2
HRR226274,9,100000001,101000000,2
HRR226274,9,101000001,102000000,2
HRR226274,9,102000001,103000000,2
HRR226274,9,103000001,104000000,2
HRR226274,9,104000001,105000000,2
HRR226274,9,105000001,106000000,2
HRR226274,9,106000001,107000000,3
HRR226274,9,107000001,108000000,2
HRR226274,9,108000001,109000000,2
HRR226274,9,109000001,110000000,2
HRR226274,9,110000001,111000000,2
HRR226274,9,111000001,112000000,2
HRR226274,9,112000001,113000000,2
HRR226274,9,113000001,114000000,2
HRR226274,9,114000001,115000000,2
HRR226274,9,115000001,116000000,2
HRR226274,9,116000001,117000000,2
HRR226274,9,118000001,119000000,2
HRR226274,9,119000001,120000000,2
HRR226274,9,120000001,121000000,2
HRR226274,9,121000001,122000000,1
HRR226274,9,123000001,124000000,2
HRR226274,9,124000001,125000000,2
HRR226274,9,125000001,126000000,1
HRR226274,9,126000001,127000000,2
HRR226274,9,127000001,128000000,2
HRR226274,9,128000001,129000000,2
HRR226274,9,130000001,131000000,2
HRR226274,9,131000001,132000000,2
HRR226274,9,132000001,133000000,2
HRR226274,9,133000001,134000000,2
HRR226274,9,135000001,136000000,2
HRR226274,9,136000001,137000000,2
HRR226274,9,137000001,138000000,3
HRR226274,10,1,1000000,2
HRR226274,10,1000001,2000000,2
HRR226274,10,3000001,4000000,2
HRR226274,10,4000001,5000000,2
HRR226274,10,5000001,6000000,2
HRR226274,10,6000001,7000000,2
HRR226274,10,7000001,8000000,2
HRR226274,10,8000001,9000000,2
HRR226274,10,9000001,10000000,2
HRR226274,10,10000001,11000000,2
HRR226274,10,11000001,12000000,2
HRR226274,10,12000001,13000000,3
HRR226274,10,13000001,14000000,2
HRR226274,10,14000001,15000000,2
HRR226274,10,15000001,16000000,2
HRR226274,10,16000001,17000000,2
HRR226274,10,17000001,18000000,2
HRR226274,10,18000001,19000000,2
HRR226274,10,20000001,21000000,2
HRR226274,10,21000001,22000000,2
HRR226274,10,22000001,23000000,2
HRR226274,10,23000001,24000000,2
HRR226274,10,24000001,25000000,2
HRR226274,10,27000001,28000000,2
HRR226274,10,28000001,29000000,2
HRR226274,10,29000001,30000000,2
HRR226274,10,31000001,32000000,2
HRR226274,10,32000001,33000000,2
HRR226274,10,33000001,34000000,2
HRR226274,10,34000001,35000000,2
HRR226274,10,35000001,36000000,2
HRR226274,10,43000001,44000000,2
HRR226274,10,44000001,45000000,3
HRR226274,10,48000001,49000000,2
HRR226274,10,49000001,50000000,3
HRR226274,10,50000001,51000000,2
HRR226274,10,51000001,52000000,2
HRR226274,10,52000001,53000000,2
HRR226274,10,53000001,54000000,2
HRR226274,10,54000001,55000000,2
HRR226274,10,56000001,57000000,2
HRR226274,10,58000001,59000000,2
HRR226274,10,60000001,61000000,2
HRR226274,10,61000001,62000000,2
HRR226274,10,62000001,63000000,2
HRR226274,10,63000001,64000000,2
HRR226274,10,64000001,65000000,2
HRR226274,10,65000001,66000000,2
HRR226274,10,66000001,67000000,2
HRR226274,10,67000001,68000000,2
HRR226274,10,68000001,69000000,1
HRR226274,10,70000001,71000000,2
HRR226274,10,71000001,72000000,2
HRR226274,10,72000001,73000000,2
HRR226274,10,73000001,74000000,1
HRR226274,10,74000001,75000000,2
HRR226274,10,75000001,76000000,2
HRR226274,10,76000001,77000000,2
HRR226274,10,78000001,79000000,2
HRR226274,10,80000001,81000000,2
HRR226274,10,81000001,82000000,2
HRR226274,10,82000001,83000000,2
HRR226274,10,83000001,84000000,2
HRR226274,10,84000001,85000000,2
HRR226274,10,85000001,86000000,2
HRR226274,10,86000001,87000000,2
HRR226274,10,87000001,88000000,2
HRR226274,10,90000001,91000000,2
HRR226274,10,91000001,92000000,2
HRR226274,10,92000001,93000000,2
HRR226274,10,93000001,94000000,2
HRR226274,10,94000001,95000000,3
HRR226274,10,95000001,96000000,2
HRR226274,10,96000001,97000000,2
HRR226274,10,97000001,98000000,2
HRR226274,10,98000001,99000000,2
HRR226274,10,99000001,100000000,2
HRR226274,10,101000001,102000000,2
HRR226274,10,102000001,103000000,2
HRR226274,10,103000001,104000000,2
HRR226274,10,104000001,105000000,2
HRR226274,10,105000001,106000000,3
HRR226274,10,106000001,107000000,2
HRR226274,10,107000001,108000000,2
HRR226274,10,108000001,109000000,2
HRR226274,10,109000001,110000000,3
HRR226274,10,110000001,111000000,2
HRR226274,10,111000001,112000000,2
HRR226274,10,113000001,114000000,2
HRR226274,10,114000001,115000000,2
HRR226274,10,116000001,117000000,2
HRR226274,10,117000001,118000000,2
HRR226274,10,118000001,119000000,2
HRR226274,10,119000001,120000000,2
HRR226274,10,120000001,121000000,2
HRR226274,10,121000001,122000000,2
HRR226274,10,122000001,123000000,2
HRR226274,10,124000001,125000000,2
HRR226274,10,126000001,127000000,3
HRR226274,10,127000001,128000000,2
HRR226274,10,128000001,129000000,2
HRR226274,10,129000001,130000000,2
HRR226274,10,130000001,131000000,2
HRR226274,10,131000001,132000000,2
HRR226274,10,132000001,133000000,1
HRR226274,11,1,1000000,1
HRR226274,11,1000001,2000000,3
HRR226274,11,2000001,3000000,2
HRR226274,11,3000001,4000000,2
HRR226274,11,4000001,5000000,2
HRR226274,11,5000001,6000000,2
HRR226274,11,6000001,7000000,2
HRR226274,11,7000001,8000000,2
HRR226274,11,9000001,10000000,2
HRR226274,11,11000001,12000000,2
HRR226274,11,12000001,13000000,2
HRR226274,11,13000001,14000000,2
HRR226274,11,14000001,15000000,2
HRR226274,11,15000001,16000000,2
HRR226274,11,16000001,17000000,2
HRR226274,11,17000001,18000000,2
HRR226274,11,18000001,19000000,2
HRR226274,11,19000001,20000000,2
HRR226274,11,20000001,21000000,2
HRR226274,11,21000001,22000000,2
HRR226274,11,22000001,23000000,2
HRR226274,11,23000001,24000000,2
HRR226274,11,25000001,26000000,2
HRR226274,11,26000001,27000000,2
HRR226274,11,28000001,29000000,2
HRR226274,11,29000001,30000000,2
HRR226274,11,30000001,31000000,2
HRR226274,11,31000001,32000000,2
HRR226274,11,32000001,33000000,2
HRR226274,11,33000001,34000000,2
HRR226274,11,34000001,35000000,2
HRR226274,11,35000001,36000000,2
HRR226274,11,36000001,37000000,2
HRR226274,11,37000001,38000000,2
HRR226274,11,38000001,39000000,2
HRR226274,11,39000001,40000000,2
HRR226274,11,40000001,41000000,2
HRR226274,11,41000001,42000000,2
HRR226274,11,42000001,43000000,2
HRR226274,11,43000001,44000000,2
HRR226274,11,44000001,45000000,2
HRR226274,11,45000001,46000000,2
HRR226274,11,46000001,47000000,2
HRR226274,11,48000001,49000000,4
HRR226274,11,55000001,56000000,2
HRR226274,11,56000001,57000000,2
HRR226274,11,57000001,58000000,2
HRR226274,11,58000001,59000000,2
HRR226274,11,59000001,60000000,2
HRR226274,11,60000001,61000000,2
HRR226274,11,61000001,62000000,2
HRR226274,11,62000001,63000000,2
HRR226274,11,63000001,64000000,2
HRR226274,11,66000001,67000000,2
HRR226274,11,67000001,68000000,2
HRR226274,11,68000001,69000000,2
HRR226274,11,69000001,70000000,2
HRR226274,11,70000001,71000000,2
HRR226274,11,72000001,73000000,2
HRR226274,11,74000001,75000000,2
HRR226274,11,75000001,76000000,2
HRR226274,11,76000001,77000000,2
HRR226274,11,77000001,78000000,2
HRR226274,11,78000001,79000000,2
HRR226274,11,79000001,80000000,2
HRR226274,11,80000001,81000000,2
HRR226274,11,82000001,83000000,2
HRR226274,11,83000001,84000000,2
HRR226274,11,84000001,85000000,2
HRR226274,11,85000001,86000000,2
HRR226274,11,86000001,87000000,2
HRR226274,11,88000001,89000000,2
HRR226274,11,90000001,91000000,2
HRR226274,11,91000001,92000000,2
HRR226274,11,92000001,93000000,2
HRR226274,11,93000001,94000000,2
HRR226274,11,94000001,95000000,2
HRR226274,11,95000001,96000000,2
HRR226274,11,96000001,97000000,2
HRR226274,11,97000001,98000000,2
HRR226274,11,98000001,99000000,2
HRR226274,11,99000001,100000000,2
HRR226274,11,100000001,101000000,2
HRR226274,11,101000001,102000000,2
HRR226274,11,102000001,103000000,2
HRR226274,11,104000001,105000000,2
HRR226274,11,105000001,106000000,2
HRR226274,11,106000001,107000000,2
HRR226274,11,107000001,108000000,2
HRR226274,11,108000001,109000000,2
HRR226274,11,109000001,110000000,3
HRR226274,11,111000001,112000000,1
HRR226274,11,112000001,113000000,2
HRR226274,11,113000001,114000000,2
HRR226274,11,115000001,116000000,2
HRR226274,11,116000001,117000000,2
HRR226274,11,117000001,118000000,2
HRR226274,11,118000001,119000000,2
HRR226274,11,119000001,120000000,2
HRR226274,11,120000001,121000000,2
HRR226274,11,121000001,122000000,2
HRR226274,11,122000001,123000000,2
HRR226274,11,124000001,125000000,2
HRR226274,11,125000001,126000000,2
HRR226274,11,126000001,127000000,2
HRR226274,11,127000001,128000000,2
HRR226274,11,128000001,129000000,2
HRR226274,11,129000001,130000000,2
HRR226274,11,130000001,131000000,2
HRR226274,11,131000001,132000000,2
HRR226274,11,132000001,133000000,2
HRR226274,11,133000001,134000000,2
HRR226274,11,134000001,135000000,2
HRR226274,11,135000001,135086622,4
HRR226274,12,1000001,2000000,2
HRR226274,12,4000001,5000000,2
HRR226274,12,5000001,6000000,2
HRR226274,12,6000001,7000000,2
HRR226274,12,7000001,8000000,2
HRR226274,12,9000001,10000000,2
HRR226274,12,10000001,11000000,2
HRR226274,12,11000001,12000000,3
HRR226274,12,12000001,13000000,2
HRR226274,12,13000001,14000000,2
HRR226274,12,14000001,15000000,2
HRR226274,12,15000001,16000000,2
HRR226274,12,16000001,17000000,2
HRR226274,12,17000001,18000000,2
HRR226274,12,18000001,19000000,2
HRR226274,12,23000001,24000000,2
HRR226274,12,24000001,25000000,2
HRR226274,12,25000001,26000000,2
HRR226274,12,26000001,27000000,2
HRR226274,12,28000001,29000000,2
HRR226274,12,29000001,30000000,2
HRR226274,12,30000001,31000000,2
HRR226274,12,32000001,33000000,2
HRR226274,12,33000001,34000000,2
HRR226274,12,38000001,39000000,2
HRR226274,12,39000001,40000000,2
HRR226274,12,42000001,43000000,2
HRR226274,12,43000001,44000000,2
HRR226274,12,44000001,45000000,2
HRR226274,12,45000001,46000000,2
HRR226274,12,46000001,47000000,3
HRR226274,12,47000001,48000000,2
HRR226274,12,48000001,49000000,2
HRR226274,12,50000001,51000000,2
HRR226274,12,51000001,52000000,2
HRR226274,12,52000001,53000000,2
HRR226274,12,53000001,54000000,2
HRR226274,12,54000001,55000000,2
HRR226274,12,55000001,56000000,2
HRR226274,12,56000001,57000000,2
HRR226274,12,57000001,58000000,2
HRR226274,12,58000001,59000000,2
HRR226274,12,59000001,60000000,2
HRR226274,12,60000001,61000000,2
HRR226274,12,61000001,62000000,2
HRR226274,12,63000001,64000000,3
HRR226274,12,64000001,65000000,2
HRR226274,12,65000001,66000000,2
HRR226274,12,66000001,67000000,2
HRR226274,12,67000001,68000000,2
HRR226274,12,68000001,69000000,2
HRR226274,12,69000001,70000000,2
HRR226274,12,70000001,71000000,2
HRR226274,12,71000001,72000000,2
HRR226274,12,72000001,73000000,2
HRR226274,12,73000001,74000000,2
HRR226274,12,74000001,75000000,2
HRR226274,12,75000001,76000000,2
HRR226274,12,76000001,77000000,2
HRR226274,12,77000001,78000000,2
HRR226274,12,78000001,79000000,2
HRR226274,12,79000001,80000000,2
HRR226274,12,81000001,82000000,2
HRR226274,12,82000001,83000000,2
HRR226274,12,83000001,84000000,2
HRR226274,12,84000001,85000000,2
HRR226274,12,85000001,86000000,2
HRR226274,12,86000001,87000000,2
HRR226274,12,87000001,88000000,2
HRR226274,12,88000001,89000000,2
HRR226274,12,89000001,90000000,2
HRR226274,12,90000001,91000000,2
HRR226274,12,91000001,92000000,2
HRR226274,12,92000001,93000000,2
HRR226274,12,93000001,94000000,2
HRR226274,12,94000001,95000000,2
HRR226274,12,95000001,96000000,2
HRR226274,12,96000001,97000000,2
HRR226274,12,97000001,98000000,3
HRR226274,12,98000001,99000000,2
HRR226274,12,99000001,100000000,2
HRR226274,12,100000001,101000000,2
HRR226274,12,102000001,103000000,2
HRR226274,12,103000001,104000000,2
HRR226274,12,104000001,105000000,2
HRR226274,12,105000001,106000000,2
HRR226274,12,106000001,107000000,2
HRR226274,12,107000001,108000000,2
HRR226274,12,108000001,109000000,2
HRR226274,12,109000001,110000000,2
HRR226274,12,110000001,111000000,2
HRR226274,12,111000001,112000000,2
HRR226274,12,112000001,113000000,2
HRR226274,12,113000001,114000000,2
HRR226274,12,114000001,115000000,2
HRR226274,12,115000001,116000000,2
HRR226274,12,116000001,117000000,2
HRR226274,12,117000001,118000000,2
HRR226274,12,118000001,119000000,2
HRR226274,12,119000001,120000000,2
HRR226274,12,120000001,121000000,2
HRR226274,12,121000001,122000000,2
HRR226274,12,122000001,123000000,1
HRR226274,12,124000001,125000000,2
HRR226274,12,125000001,126000000,2
HRR226274,12,127000001,128000000,2
HRR226274,12,128000001,129000000,2
HRR226274,12,129000001,130000000,3
HRR226274,12,131000001,132000000,3
HRR226274,12,132000001,133000000,1
HRR226274,12,133000001,133275309,1
HRR226274,13,20000001,21000000,1
HRR226274,13,21000001,22000000,2
HRR226274,13,22000001,23000000,2
HRR226274,13,23000001,24000000,2
HRR226274,13,24000001,25000000,2
HRR226274,13,26000001,27000000,2
HRR226274,13,27000001,28000000,2
HRR226274,13,28000001,29000000,2
HRR226274,13,29000001,30000000,2
HRR226274,13,30000001,31000000,2
HRR226274,13,32000001,33000000,2
HRR226274,13,34000001,35000000,2
HRR226274,13,35000001,36000000,2
HRR226274,13,37000001,38000000,2
HRR226274,13,38000001,39000000,2
HRR226274,13,39000001,40000000,2
HRR226274,13,41000001,42000000,2
HRR226274,13,42000001,43000000,2
HRR226274,13,43000001,44000000,2
HRR226274,13,44000001,45000000,2
HRR226274,13,45000001,46000000,2
HRR226274,13,46000001,47000000,2
HRR226274,13,47000001,48000000,2
HRR226274,13,48000001,49000000,2
HRR226274,13,49000001,50000000,2
HRR226274,13,50000001,51000000,2
HRR226274,13,51000001,52000000,2
HRR226274,13,52000001,53000000,1
HRR226274,13,54000001,55000000,2
HRR226274,13,57000001,58000000,2
HRR226274,13,58000001,59000000,2
HRR226274,13,59000001,60000000,2
HRR226274,13,60000001,61000000,2
HRR226274,13,61000001,62000000,2
HRR226274,13,62000001,63000000,2
HRR226274,13,63000001,64000000,1
HRR226274,13,64000001,65000000,2
HRR226274,13,65000001,66000000,2
HRR226274,13,66000001,67000000,2
HRR226274,13,67000001,68000000,2
HRR226274,13,68000001,69000000,2
HRR226274,13,69000001,70000000,2
HRR226274,13,70000001,71000000,2
HRR226274,13,71000001,72000000,2
HRR226274,13,73000001,74000000,2
HRR226274,13,74000001,75000000,2
HRR226274,13,76000001,77000000,2
HRR226274,13,77000001,78000000,2
HRR226274,13,78000001,79000000,2
HRR226274,13,79000001,80000000,2
HRR226274,13,80000001,81000000,2
HRR226274,13,81000001,82000000,2
HRR226274,13,82000001,83000000,2
HRR226274,13,85000001,86000000,2
HRR226274,13,86000001,87000000,2
HRR226274,13,87000001,88000000,2
HRR226274,13,89000001,90000000,2
HRR226274,13,90000001,91000000,2
HRR226274,13,91000001,92000000,2
HRR226274,13,92000001,93000000,2
HRR226274,13,93000001,94000000,2
HRR226274,13,94000001,95000000,2
HRR226274,13,96000001,97000000,2
HRR226274,13,97000001,98000000,2
HRR226274,13,98000001,99000000,2
HRR226274,13,99000001,100000000,2
HRR226274,13,100000001,101000000,2
HRR226274,13,101000001,102000000,2
HRR226274,13,102000001,103000000,2
HRR226274,13,103000001,104000000,2
HRR226274,13,104000001,105000000,2
HRR226274,13,106000001,107000000,2
HRR226274,13,108000001,109000000,2
HRR226274,13,110000001,111000000,2
HRR226274,13,111000001,112000000,2
HRR226274,13,112000001,113000000,1
HRR226274,13,113000001,114000000,1
HRR226274,13,114000001,114364328,2
HRR226274,14,19000001,20000000,2
HRR226274,14,20000001,21000000,2
HRR226274,14,21000001,22000000,2
HRR226274,14,22000001,23000000,2
HRR226274,14,24000001,25000000,2
HRR226274,14,25000001,26000000,2
HRR226274,14,26000001,27000000,2
HRR226274,14,27000001,28000000,2
HRR226274,14,28000001,29000000,2
HRR226274,14,29000001,30000000,2
HRR226274,14,30000001,31000000,2
HRR226274,14,31000001,32000000,2
HRR226274,14,33000001,34000000,2
HRR226274,14,34000001,35000000,2
HRR226274,14,35000001,36000000,2
HRR226274,14,36000001,37000000,2
HRR226274,14,38000001,39000000,2
HRR226274,14,39000001,40000000,2
HRR226274,14,41000001,42000000,2
HRR226274,14,42000001,43000000,2
HRR226274,14,44000001,45000000,2
HRR226274,14,47000001,48000000,2
HRR226274,14,48000001,49000000,2
HRR226274,14,49000001,50000000,2
HRR226274,14,50000001,51000000,2
HRR226274,14,52000001,53000000,2
HRR226274,14,53000001,54000000,2
HRR226274,14,54000001,55000000,2
HRR226274,14,55000001,56000000,2
HRR226274,14,56000001,57000000,2
HRR226274,14,57000001,58000000,2
HRR226274,14,58000001,59000000,2
HRR226274,14,59000001,60000000,2
HRR226274,14,60000001,61000000,2
HRR226274,14,61000001,62000000,2
HRR226274,14,62000001,63000000,2
HRR226274,14,63000001,64000000,1
HRR226274,14,64000001,65000000,2
HRR226274,14,65000001,66000000,2
HRR226274,14,66000001,67000000,2
HRR226274,14,67000001,68000000,2
HRR226274,14,68000001,69000000,2
HRR226274,14,69000001,70000000,2
HRR226274,14,70000001,71000000,2
HRR226274,14,71000001,72000000,2
HRR226274,14,72000001,73000000,2
HRR226274,14,73000001,74000000,1
HRR226274,14,74000001,75000000,2
HRR226274,14,75000001,76000000,2
HRR226274,14,76000001,77000000,2
HRR226274,14,77000001,78000000,1
HRR226274,14,78000001,79000000,2
HRR226274,14,79000001,80000000,2
HRR226274,14,80000001,81000000,2
HRR226274,14,81000001,82000000,2
HRR226274,14,82000001,83000000,2
HRR226274,14,85000001,86000000,2
HRR226274,14,87000001,88000000,2
HRR226274,14,88000001,89000000,2
HRR226274,14,89000001,90000000,2
HRR226274,14,90000001,91000000,2
HRR226274,14,91000001,92000000,2
HRR226274,14,92000001,93000000,2
HRR226274,14,93000001,94000000,2
HRR226274,14,94000001,95000000,2
HRR226274,14,95000001,96000000,2
HRR226274,14,96000001,97000000,2
HRR226274,14,97000001,98000000,2
HRR226274,14,98000001,99000000,2
HRR226274,14,99000001,100000000,1
HRR226274,14,100000001,101000000,1
HRR226274,14,101000001,102000000,2
HRR226274,14,102000001,103000000,2
HRR226274,14,103000001,104000000,2
HRR226274,14,104000001,105000000,2
HRR226274,15,23000001,24000000,2
HRR226274,15,24000001,25000000,2
HRR226274,15,26000001,27000000,2
HRR226274,15,27000001,28000000,2
HRR226274,15,29000001,30000000,2
HRR226274,15,31000001,32000000,2
HRR226274,15,33000001,34000000,2
HRR226274,15,36000001,37000000,2
HRR226274,15,37000001,38000000,2
HRR226274,15,38000001,39000000,2
HRR226274,15,39000001,40000000,2
HRR226274,15,42000001,43000000,2
HRR226274,15,43000001,44000000,2
HRR226274,15,44000001,45000000,2
HRR226274,15,45000001,46000000,2
HRR226274,15,46000001,47000000,2
HRR226274,15,47000001,48000000,2
HRR226274,15,48000001,49000000,2
HRR226274,15,49000001,50000000,2
HRR226274,15,50000001,51000000,1
HRR226274,15,51000001,52000000,2
HRR226274,15,53000001,54000000,2
HRR226274,15,55000001,56000000,2
HRR226274,15,56000001,57000000,2
HRR226274,15,57000001,58000000,2
HRR226274,15,59000001,60000000,2
HRR226274,15,60000001,61000000,2
HRR226274,15,61000001,62000000,2
HRR226274,15,62000001,63000000,2
HRR226274,15,63000001,64000000,1
HRR226274,15,64000001,65000000,2
HRR226274,15,65000001,66000000,2
HRR226274,15,66000001,67000000,2
HRR226274,15,68000001,69000000,2
HRR226274,15,69000001,70000000,2
HRR226274,15,70000001,71000000,2
HRR226274,15,71000001,72000000,2
HRR226274,15,72000001,73000000,2
HRR226274,15,73000001,74000000,2
HRR226274,15,74000001,75000000,2
HRR226274,15,75000001,76000000,2
HRR226274,15,76000001,77000000,2
HRR226274,15,77000001,78000000,3
HRR226274,15,78000001,79000000,2
HRR226274,15,79000001,80000000,2
HRR226274,15,80000001,81000000,2
HRR226274,15,81000001,82000000,2
HRR226274,15,82000001,83000000,2
HRR226274,15,83000001,84000000,2
HRR226274,15,85000001,86000000,2
HRR226274,15,86000001,87000000,3
HRR226274,15,87000001,88000000,3
HRR226274,15,88000001,89000000,2
HRR226274,15,89000001,90000000,2
HRR226274,15,90000001,91000000,2
HRR226274,15,92000001,93000000,2
HRR226274,15,93000001,94000000,2
HRR226274,15,94000001,95000000,2
HRR226274,15,95000001,96000000,2
HRR226274,15,96000001,97000000,2
HRR226274,15,97000001,98000000,2
HRR226274,15,98000001,99000000,2
HRR226274,15,99000001,100000000,2
HRR226274,15,100000001,101000000,2
HRR226274,15,101000001,101991189,2
HRR226274,16,1,1000000,2
HRR226274,16,1000001,2000000,2
HRR226274,16,2000001,3000000,1
HRR226274,16,4000001,5000000,2
HRR226274,16,5000001,6000000,3
HRR226274,16,6000001,7000000,2
HRR226274,16,7000001,8000000,2
HRR226274,16,8000001,9000000,2
HRR226274,16,9000001,10000000,2
HRR226274,16,11000001,12000000,2
HRR226274,16,12000001,13000000,3
HRR226274,16,13000001,14000000,3
HRR226274,16,14000001,15000000,2
HRR226274,16,15000001,16000000,2
HRR226274,16,17000001,18000000,2
HRR226274,16,19000001,20000000,2
HRR226274,16,23000001,24000000,2
HRR226274,16,24000001,25000000,2
HRR226274,16,25000001,26000000,3
HRR226274,16,26000001,27000000,2
HRR226274,16,27000001,28000000,3
HRR226274,16,28000001,29000000,2
HRR226274,16,30000001,31000000,1
HRR226274,16,31000001,32000000,2
HRR226274,16,47000001,48000000,2
HRR226274,16,48000001,49000000,2
HRR226274,16,49000001,50000000,2
HRR226274,16,50000001,51000000,2
HRR226274,16,51000001,52000000,2
HRR226274,16,52000001,53000000,2
HRR226274,16,53000001,54000000,2
HRR226274,16,54000001,55000000,2
HRR226274,16,55000001,56000000,2
HRR226274,16,56000001,57000000,2
HRR226274,16,57000001,58000000,2
HRR226274,16,58000001,59000000,2
HRR226274,16,59000001,60000000,2
HRR226274,16,61000001,62000000,2
HRR226274,16,62000001,63000000,2
HRR226274,16,63000001,64000000,2
HRR226274,16,64000001,65000000,2
HRR226274,16,66000001,67000000,2
HRR226274,16,68000001,69000000,1
HRR226274,16,71000001,72000000,2
HRR226274,16,72000001,73000000,2
HRR226274,16,74000001,75000000,2
HRR226274,16,75000001,76000000,2
HRR226274,16,76000001,77000000,2
HRR226274,16,77000001,78000000,2
HRR226274,16,78000001,79000000,2
HRR226274,16,79000001,80000000,2
HRR226274,16,80000001,81000000,2
HRR226274,16,81000001,82000000,2
HRR226274,16,83000001,84000000,2
HRR226274,16,84000001,85000000,2
HRR226274,16,85000001,86000000,2
HRR226274,16,86000001,87000000,2
HRR226274,16,87000001,88000000,2
HRR226274,16,88000001,89000000,4
HRR226274,16,89000001,90000000,1
HRR226274,17,1000001,2000000,2
HRR226274,17,2000001,3000000,2
HRR226274,17,3000001,4000000,2
HRR226274,17,4000001,5000000,2
HRR226274,17,5000001,6000000,3
HRR226274,17,6000001,7000000,2
HRR226274,17,7000001,8000000,2
HRR226274,17,8000001,9000000,2
HRR226274,17,9000001,10000000,3
HRR226274,17,10000001,11000000,2
HRR226274,17,11000001,12000000,2
HRR226274,17,12000001,13000000,2
HRR226274,17,13000001,14000000,2
HRR226274,17,16000001,17000000,2
HRR226274,17,17000001,18000000,2
HRR226274,17,27000001,28000000,2
HRR226274,17,28000001,29000000,1
HRR226274,17,29000001,30000000,2
HRR226274,17,30000001,31000000,1
HRR226274,17,31000001,32000000,2
HRR226274,17,32000001,33000000,2
HRR226274,17,33000001,34000000,3
HRR226274,17,34000001,35000000,3
HRR226274,17,37000001,38000000,2
HRR226274,17,38000001,39000000,2
HRR226274,17,39000001,40000000,2
HRR226274,17,40000001,41000000,2
HRR226274,17,41000001,42000000,2
HRR226274,17,42000001,43000000,2
HRR226274,17,44000001,45000000,1
HRR226274,17,45000001,46000000,3
HRR226274,17,47000001,48000000,2
HRR226274,17,48000001,49000000,1
HRR226274,17,49000001,50000000,2
HRR226274,17,50000001,51000000,2
HRR226274,17,51000001,52000000,2
HRR226274,17,52000001,53000000,2
HRR226274,17,55000001,56000000,2
HRR226274,17,56000001,57000000,2
HRR226274,17,57000001,58000000,2
HRR226274,17,58000001,59000000,2
HRR226274,17,60000001,61000000,2
HRR226274,17,61000001,62000000,2
HRR226274,17,62000001,63000000,2
HRR226274,17,64000001,65000000,2
HRR226274,17,66000001,67000000,2
HRR226274,17,67000001,68000000,2
HRR226274,17,68000001,69000000,2
HRR226274,17,69000001,70000000,2
HRR226274,17,70000001,71000000,2
HRR226274,17,71000001,72000000,2
HRR226274,17,73000001,74000000,3
HRR226274,17,74000001,75000000,3
HRR226274,17,75000001,76000000,1
HRR226274,17,76000001,77000000,2
HRR226274,17,77000001,78000000,3
HRR226274,17,78000001,79000000,2
HRR226274,17,79000001,80000000,2
HRR226274,17,81000001,82000000,2
HRR226274,17,82000001,83000000,1
HRR226274,17,83000001,83257441,2
HRR226274,18,1,1000000,2
HRR226274,18,1000001,2000000,2
HRR226274,18,3000001,4000000,2
HRR226274,18,4000001,5000000,2
HRR226274,18,5000001,6000000,2
HRR226274,18,6000001,7000000,2
HRR226274,18,7000001,8000000,2
HRR226274,18,9000001,10000000,2
HRR226274,18,10000001,11000000,2
HRR226274,18,11000001,12000000,2
HRR226274,18,12000001,13000000,1
HRR226274,18,13000001,14000000,2
HRR226274,18,21000001,22000000,2
HRR226274,18,22000001,23000000,2
HRR226274,18,23000001,24000000,2
HRR226274,18,24000001,25000000,2
HRR226274,18,25000001,26000000,2
HRR226274,18,26000001,27000000,2
HRR226274,18,27000001,28000000,2
HRR226274,18,28000001,29000000,2
HRR226274,18,29000001,30000000,2
HRR226274,18,30000001,31000000,2
HRR226274,18,31000001,32000000,2
HRR226274,18,32000001,33000000,2
HRR226274,18,33000001,34000000,2
HRR226274,18,35000001,36000000,2
HRR226274,18,36000001,37000000,2
HRR226274,18,37000001,38000000,2
HRR226274,18,38000001,39000000,2
HRR226274,18,39000001,40000000,2
HRR226274,18,40000001,41000000,2
HRR226274,18,41000001,42000000,2
HRR226274,18,42000001,43000000,2
HRR226274,18,43000001,44000000,2
HRR226274,18,44000001,45000000,3
HRR226274,18,45000001,46000000,3
HRR226274,18,46000001,47000000,2
HRR226274,18,48000001,49000000,2
HRR226274,18,49000001,50000000,2
HRR226274,18,50000001,51000000,2
HRR226274,18,51000001,52000000,2
HRR226274,18,53000001,54000000,2
HRR226274,18,54000001,55000000,2
HRR226274,18,55000001,56000000,2
HRR226274,18,56000001,57000000,2
HRR226274,18,57000001,58000000,2
HRR226274,18,58000001,59000000,2
HRR226274,18,60000001,61000000,2
HRR226274,18,62000001,63000000,2
HRR226274,18,63000001,64000000,2
HRR226274,18,64000001,65000000,2
HRR226274,18,65000001,66000000,2
HRR226274,18,66000001,67000000,2
HRR226274,18,67000001,68000000,2
HRR226274,18,68000001,69000000,2
HRR226274,18,69000001,70000000,2
HRR226274,18,70000001,71000000,2
HRR226274,18,71000001,72000000,2
HRR226274,18,72000001,73000000,2
HRR226274,18,73000001,74000000,2
HRR226274,18,74000001,75000000,2
HRR226274,18,75000001,76000000,2
HRR226274,18,76000001,77000000,2
HRR226274,18,78000001,79000000,1
HRR226274,18,79000001,80000000,1
HRR226274,18,80000001,80373285,2
HRR226274,19,1000001,2000000,2
HRR226274,19,2000001,3000000,2
HRR226274,19,3000001,4000000,2
HRR226274,19,4000001,5000000,2
HRR226274,19,5000001,6000000,2
HRR226274,19,6000001,7000000,2
HRR226274,19,7000001,8000000,2
HRR226274,19,8000001,9000000,3
HRR226274,19,9000001,10000000,2
HRR226274,19,10000001,11000000,1
HRR226274,19,11000001,12000000,2
HRR226274,19,14000001,15000000,2
HRR226274,19,15000001,16000000,2
HRR226274,19,16000001,17000000,3
HRR226274,19,17000001,18000000,1
HRR226274,19,18000001,19000000,2
HRR226274,19,19000001,20000000,2
HRR226274,19,28000001,29000000,3
HRR226274,19,29000001,30000000,2
HRR226274,19,30000001,31000000,2
HRR226274,19,31000001,32000000,2
HRR226274,19,32000001,33000000,2
HRR226274,19,33000001,34000000,2
HRR226274,19,34000001,35000000,2
HRR226274,19,35000001,36000000,2
HRR226274,19,38000001,39000000,2
HRR226274,19,39000001,40000000,2
HRR226274,19,40000001,41000000,2
HRR226274,19,41000001,42000000,3
HRR226274,19,42000001,43000000,2
HRR226274,19,43000001,44000000,2
HRR226274,19,44000001,45000000,2
HRR226274,19,45000001,46000000,1
HRR226274,19,48000001,49000000,2
HRR226274,19,49000001,50000000,2
HRR226274,19,50000001,51000000,2
HRR226274,19,51000001,52000000,2
HRR226274,19,55000001,56000000,2
HRR226274,19,57000001,58000000,2
HRR226274,19,58000001,58617616,2
HRR226274,20,1,1000000,2
HRR226274,20,1000001,2000000,2
HRR226274,20,2000001,3000000,2
HRR226274,20,3000001,4000000,2
HRR226274,20,4000001,5000000,2
HRR226274,20,6000001,7000000,2
HRR226274,20,7000001,8000000,2
HRR226274,20,8000001,9000000,2
HRR226274,20,11000001,12000000,2
HRR226274,20,12000001,13000000,2
HRR226274,20,14000001,15000000,2
HRR226274,20,15000001,16000000,2
HRR226274,20,16000001,17000000,2
HRR226274,20,17000001,18000000,2
HRR226274,20,19000001,20000000,2
HRR226274,20,20000001,21000000,2
HRR226274,20,21000001,22000000,1
HRR226274,20,23000001,24000000,3
HRR226274,20,25000001,26000000,1
HRR226274,20,32000001,33000000,2
HRR226274,20,33000001,34000000,2
HRR226274,20,35000001,36000000,2
HRR226274,20,36000001,37000000,2
HRR226274,20,37000001,38000000,2
HRR226274,20,38000001,39000000,2
HRR226274,20,39000001,40000000,2
HRR226274,20,40000001,41000000,2
HRR226274,20,41000001,42000000,2
HRR226274,20,42000001,43000000,3
HRR226274,20,43000001,44000000,2
HRR226274,20,44000001,45000000,2
HRR226274,20,45000001,46000000,2
HRR226274,20,46000001,47000000,1
HRR226274,20,48000001,49000000,3
HRR226274,20,49000001,50000000,2
HRR226274,20,50000001,51000000,3
HRR226274,20,51000001,52000000,2
HRR226274,20,52000001,53000000,2
HRR226274,20,53000001,54000000,2
HRR226274,20,54000001,55000000,2
HRR226274,20,55000001,56000000,2
HRR226274,20,56000001,57000000,3
HRR226274,20,58000001,59000000,1
HRR226274,20,59000001,60000000,2
HRR226274,20,60000001,61000000,2
HRR226274,20,61000001,62000000,3
HRR226274,20,62000001,63000000,1
HRR226274,20,64000001,64444167,2
HRR226274,21,14000001,15000000,2
HRR226274,21,15000001,16000000,2
HRR226274,21,17000001,18000000,2
HRR226274,21,18000001,19000000,2
HRR226274,21,19000001,20000000,2
HRR226274,21,20000001,21000000,2
HRR226274,21,21000001,22000000,2
HRR226274,21,22000001,23000000,2
HRR226274,21,23000001,24000000,2
HRR226274,21,24000001,25000000,2
HRR226274,21,25000001,26000000,2
HRR226274,21,26000001,27000000,2
HRR226274,21,27000001,28000000,2
HRR226274,21,28000001,29000000,2
HRR226274,21,29000001,30000000,2
HRR226274,21,30000001,31000000,2
HRR226274,21,31000001,32000000,2
HRR226274,21,33000001,34000000,2
HRR226274,21,34000001,35000000,2
HRR226274,21,36000001,37000000,2
HRR226274,21,37000001,38000000,2
HRR226274,21,38000001,39000000,2
HRR226274,21,39000001,40000000,2
HRR226274,21,40000001,41000000,2
HRR226274,21,41000001,42000000,1
HRR226274,21,42000001,43000000,2
HRR226274,21,46000001,46709983,2
HRR226274,22,17000001,18000000,2
HRR226274,22,18000001,19000000,1
HRR226274,22,19000001,20000000,2
HRR226274,22,20000001,21000000,2
HRR226274,22,23000001,24000000,2
HRR226274,22,24000001,25000000,3
HRR226274,22,25000001,26000000,3
HRR226274,22,26000001,27000000,2
HRR226274,22,27000001,28000000,2
HRR226274,22,28000001,29000000,2
HRR226274,22,29000001,30000000,2
HRR226274,22,30000001,31000000,2
HRR226274,22,31000001,32000000,2
HRR226274,22,34000001,35000000,3
HRR226274,22,37000001,38000000,2
HRR226274,22,38000001,39000000,1
HRR226274,22,39000001,40000000,2
HRR226274,22,40000001,41000000,2
HRR226274,22,41000001,42000000,2
HRR226274,22,42000001,43000000,2
HRR226274,22,43000001,44000000,2
HRR226274,22,44000001,45000000,3
HRR226274,22,45000001,46000000,2
HRR226274,22,47000001,48000000,2
HRR226274,22,48000001,49000000,2
HRR226274,22,49000001,50000000,2
