sample,chromosome,start,end,segVal
C3A,1,946247,4655731,3
C3A,1,4711623,26574718,4
C3A,1,26696678,122026459,2
C3A,1,124932724,248855917,2
C3A,10,236957,39686682,3
C3A,10,41593521,133557962,3
C3A,11,198510,51078348,2
C3A,11,54425074,134374737,2
C3A,12,165406,34769407,2
C3A,12,37185252,133202301,2
C3A,13,19173623,114272138,2
C3A,14,19747151,72518814,2
C3A,14,72535909,74947163,3
C3A,14,74948230,106411069,2
C3A,14,106421544,106470736,0
C3A,14,106506721,106874951,2
C3A,15,19964458,101819000,2
C3A,16,206279,7333365,2
C3A,16,7517870,36311158,3
C3A,16,38265669,90075069,3
C3A,17,413576,22813679,2
C3A,17,26616164,42507943,2
C3A,17,42508297,63837884,3
C3A,17,63871849,63896512,0
C3A,17,63909524,83093237,3
C3A,18,166819,15460899,2
C3A,18,20861206,80136961,2
C3A,19,282753,24498980,2
C3A,19,27190874,58556256,2
C3A,2,1083444,89245304,3
C3A,2,89245305,89914326,1
C3A,2,89936660,92188145,3
C3A,2,94090557,241767686,3
C3A,20,96321,26436232,4
C3A,20,30038348,64273189,4
C3A,21,10543191,10864560,2
C3A,21,12915808,46658699,2
C3A,22,16590608,50744057,2
C3A,3,349417,90772458,2
C3A,3,93655574,197839383,2
C3A,4,654854,49712061,2
C3A,4,51743951,189957357,2
C3A,5,169294,46485900,2
C3A,5,50059807,59275677,2
C3A,5,59356483,59988992,1
C3A,5,60597476,181241964,2
C3A,6,335175,58553888,3
C3A,6,59829934,65495687,3
C3A,6,68638399,111267396,2
C3A,6,111299739,170583760,3
C3A,7,498640,58169653,2
C3A,7,61528020,159058543,2
C3A,8,246121,44033744,2
C3A,8,45877265,144889982,2
C3A,9,154795,43389635,2
C3A,9,45518558,138121810,2
HLE,1,930939,122026459,3
HLE,1,124932724,143880967,3
HLE,1,145607856,161863589,3
HLE,1,161912019,248816707,2
HLE,10,49286,39686682,3
HLE,10,41593521,133557962,3
HLE,11,197557,51078348,3
HLE,11,54425074,55573293,3
HLE,11,55603203,55652116,0
HLE,11,55664890,61482114,3
HLE,11,61482115,134381883,4
HLE,12,138734,34769407,4
HLE,12,37185252,71611373,4
HLE,12,71611509,112879475,3
HLE,12,112881495,133059027,2
HLE,13,19173623,48412700,2
HLE,13,48452716,48490528,0
HLE,13,48495914,52423916,2
HLE,13,52425655,114272138,1
HLE,14,19747151,24633339,2
HLE,14,24633830,106874951,2
HLE,15,19964458,89751483,2
HLE,15,89776081,89801311,0
HLE,15,89801312,101684138,2
HLE,16,53423,5058887,3
HLE,16,5060009,20965697,2
HLE,16,20969515,36311158,3
HLE,16,38265669,46824759,3
HLE,16,46830807,66403446,5
HLE,16,66511691,72171485,2
HLE,16,72786887,74924280,5
HLE,16,74937873,90075069,2
HLE,17,601899,15239860,2
HLE,17,15258820,22813679,4
HLE,17,26616164,27456993,4
HLE,17,27550293,75571377,3
HLE,17,75571390,81720354,6
HLE,17,81834231,82202219,3
HLE,17,82235802,83085163,7
HLE,18,196829,15460899,4
HLE,18,20861206,37322158,4
HLE,18,37565106,67514905,2
HLE,18,68676667,80045715,4
HLE,19,282753,11034477,2
HLE,19,11034704,11039822,0
HLE,19,11041030,24128257,2
HLE,19,29207271,51630257,3
HLE,19,51643117,51645656,0
HLE,19,51692376,58571272,3
HLE,2,224919,89245799,3
HLE,2,89268220,89914326,0
HLE,2,89936660,92188145,2
HLE,2,94090557,177681180,2
HLE,2,177697055,204686559,3
HLE,2,204964875,241872907,2
HLE,20,96321,26436232,4
HLE,20,30038348,64105965,4
HLE,21,10413511,10864560,3
HLE,21,12915808,32270080,3
HLE,21,32270130,43732922,2
HLE,21,43733792,46658699,3
HLE,22,16590608,38962490,2
HLE,22,38964336,39014652,0
HLE,22,39015318,49774693,2
HLE,22,49775314,50744057,3
HLE,3,344837,89479779,3
HLE,3,93873999,197839383,2
HLE,4,516194,42637444,4
HLE,4,42893054,49062167,2
HLE,4,51863160,62070444,4
HLE,4,64279806,68497081,2
HLE,4,68537363,68568761,0
HLE,4,68646827,133190437,2
HLE,4,137520752,189941027,4
HLE,5,169648,45695918,2
HLE,5,50398996,181155604,4
HLE,6,335069,27472571,4
HLE,6,27807249,32460362,3
HLE,6,32517462,32662163,1
HLE,6,32662164,58553888,3
HLE,6,59829934,136923132,3
HLE,6,136923668,170583760,2
HLE,7,584584,5901209,3
HLE,7,5901380,5920243,2
HLE,7,5927924,5943691,3
HLE,7,5973122,56103288,3
HLE,7,56103949,58169653,2
HLE,7,61528020,159109876,2
HLE,8,413192,44033744,3
HLE,8,45877265,144946051,3
HLE,9,154795,43389635,2
HLE,9,45518558,138121810,2
Hep3B2-1-7,1,930939,1735112,3
Hep3B2-1-7,1,930939,5864185,3
Hep3B2-1-7,1,1738686,3069573,3
Hep3B2-1-7,1,3185856,12777876,2
Hep3B2-1-7,1,5864186,15094600,2
Hep3B2-1-7,1,12794033,13005452,1
Hep3B2-1-7,1,13369235,120176655,2
Hep3B2-1-7,1,15094601,15104464,0
Hep3B2-1-7,1,15112166,55069382,2
Hep3B2-1-7,1,55071539,55176718,0
Hep3B2-1-7,1,55214666,84144820,2
Hep3B2-1-7,1,84164138,84176082,0
Hep3B2-1-7,1,84178900,84506368,2
Hep3B2-1-7,1,84516019,84546018,0
Hep3B2-1-7,1,84548550,93360906,2
Hep3B2-1-7,1,93499193,93547716,0
Hep3B2-1-7,1,93549003,120069683,2
Hep3B2-1-7,1,120176031,122026459,4
Hep3B2-1-7,1,124932724,156077957,4
Hep3B2-1-7,1,143880314,248855917,4
Hep3B2-1-7,1,156081270,156082273,2
Hep3B2-1-7,1,156114690,169630351,4
Hep3B2-1-7,1,169691509,169711773,1
Hep3B2-1-7,1,169725467,171342116,5
Hep3B2-1-7,1,171511814,171558418,1
Hep3B2-1-7,1,171560743,172389084,2
Hep3B2-1-7,1,172407497,177930918,4
Hep3B2-1-7,1,177933013,177968219,1
Hep3B2-1-7,1,178094270,179918516,4
Hep3B2-1-7,1,179985907,180099260,1
Hep3B2-1-7,1,180110748,181484285,4
Hep3B2-1-7,1,181510210,181795319,1
Hep3B2-1-7,1,181796393,186375294,4
Hep3B2-1-7,1,186379511,186419351,1
Hep3B2-1-7,1,186443713,207485831,4
Hep3B2-1-7,1,207495993,207723960,2
Hep3B2-1-7,1,207751936,232984752,4
Hep3B2-1-7,1,232985817,233295744,1
Hep3B2-1-7,1,233327808,236897921,4
Hep3B2-1-7,1,237270222,237832922,1
Hep3B2-1-7,1,237882145,242348425,4
Hep3B2-1-7,1,243126174,243225555,1
Hep3B2-1-7,1,243255897,248856131,4
Hep3B2-1-7,10,236957,39686682,2
Hep3B2-1-7,10,239541,3136856,2
Hep3B2-1-7,10,3137268,3170481,1
Hep3B2-1-7,10,3779262,39686682,2
Hep3B2-1-7,10,41593521,122579034,2
Hep3B2-1-7,10,41593521,53822360,2
Hep3B2-1-7,10,53822361,53825416,2
Hep3B2-1-7,10,53827116,68407025,2
Hep3B2-1-7,10,68414764,68470438,1
Hep3B2-1-7,10,68471542,71362885,2
Hep3B2-1-7,10,71439557,72567068,1
Hep3B2-1-7,10,72691875,88678928,2
Hep3B2-1-7,10,88724269,88778497,0
Hep3B2-1-7,10,88822664,97456321,2
Hep3B2-1-7,10,97456500,97484426,0
Hep3B2-1-7,10,97498021,100081902,2
Hep3B2-1-7,10,100151856,100184112,0
Hep3B2-1-7,10,100185239,116609393,2
Hep3B2-1-7,10,116621143,116664450,0
Hep3B2-1-7,10,116664484,122579034,2
Hep3B2-1-7,10,122584047,122600343,0
Hep3B2-1-7,10,122584047,122600343,0
Hep3B2-1-7,10,122616953,133625376,2
Hep3B2-1-7,10,122616953,126521597,2
Hep3B2-1-7,10,126970426,127451702,1
Hep3B2-1-7,10,127549212,130175295,2
Hep3B2-1-7,10,131092897,132153298,1
Hep3B2-1-7,10,132153484,133625376,2
Hep3B2-1-7,11,197557,51078348,4
Hep3B2-1-7,11,197557,905093,4
Hep3B2-1-7,11,959162,1261883,2
Hep3B2-1-7,11,1261942,7673102,4
Hep3B2-1-7,11,7690938,7825111,1
Hep3B2-1-7,11,7825112,19055985,4
Hep3B2-1-7,11,19055986,19173095,1
Hep3B2-1-7,11,19175547,30881583,4
Hep3B2-1-7,11,30892543,31110546,1
Hep3B2-1-7,11,31262786,51078348,4
Hep3B2-1-7,11,54425074,66026636,4
Hep3B2-1-7,11,54425074,57741763,4
Hep3B2-1-7,11,57741764,57815773,1
Hep3B2-1-7,11,57815774,66026636,4
Hep3B2-1-7,11,66042841,66721489,9
Hep3B2-1-7,11,66042841,70473716,9
Hep3B2-1-7,11,66758768,66843119,2
Hep3B2-1-7,11,66843120,69296604,9
Hep3B2-1-7,11,69641092,70188234,3
Hep3B2-1-7,11,70203183,70473716,9
Hep3B2-1-7,11,70485074,134371055,2
Hep3B2-1-7,11,70485074,74204087,2
Hep3B2-1-7,11,74204088,74251293,0
Hep3B2-1-7,11,74251410,77121186,2
Hep3B2-1-7,11,77121657,77217591,1
Hep3B2-1-7,11,77227587,78659045,3
Hep3B2-1-7,11,78661197,94822096,2
Hep3B2-1-7,11,94829775,94972460,0
Hep3B2-1-7,11,94997096,96392476,2
Hep3B2-1-7,11,99819301,100356495,0
Hep3B2-1-7,11,100992032,102843823,2
Hep3B2-1-7,11,102862825,103191894,1
Hep3B2-1-7,11,103191905,103468980,0
Hep3B2-1-7,11,103478820,107416573,2
Hep3B2-1-7,11,107417919,107656337,0
Hep3B2-1-7,11,107664750,111937834,2
Hep3B2-1-7,11,111964274,112018160,0
Hep3B2-1-7,11,112018681,112233832,2
Hep3B2-1-7,11,112961103,113706499,1
Hep3B2-1-7,11,113733417,118659643,2
Hep3B2-1-7,11,118659644,118786427,1
Hep3B2-1-7,11,118883665,123195217,2
Hep3B2-1-7,11,123525874,123622870,0
Hep3B2-1-7,11,123633866,124936283,2
Hep3B2-1-7,11,124954458,125005487,0
Hep3B2-1-7,11,125038185,134374428,2
Hep3B2-1-7,12,138757,6011940,4
Hep3B2-1-7,12,165406,1786349,4
Hep3B2-1-7,12,1793380,2686004,2
Hep3B2-1-7,12,2686005,5563843,4
Hep3B2-1-7,12,5565283,9009814,2
Hep3B2-1-7,12,6011941,10420811,3
Hep3B2-1-7,12,9067548,9116124,1
Hep3B2-1-7,12,9148695,10420811,2
Hep3B2-1-7,12,10430840,10436247,0
Hep3B2-1-7,12,10430840,10434775,0
Hep3B2-1-7,12,10435035,15903255,3
Hep3B2-1-7,12,10446274,34769407,3
Hep3B2-1-7,12,15956588,18648303,1
Hep3B2-1-7,12,18682962,29371910,2
Hep3B2-1-7,12,29433476,29439679,1
Hep3B2-1-7,12,29443086,29496949,1
Hep3B2-1-7,12,29497348,31084322,3
Hep3B2-1-7,12,31084323,31698205,1
Hep3B2-1-7,12,31701588,34769407,3
Hep3B2-1-7,12,37185252,133202210,3
Hep3B2-1-7,12,37185252,42472793,3
Hep3B2-1-7,12,43353934,43493528,1
Hep3B2-1-7,12,43501904,47998708,3
Hep3B2-1-7,12,47999642,48101747,1
Hep3B2-1-7,12,48105127,51663368,3
Hep3B2-1-7,12,51683899,51820626,1
Hep3B2-1-7,12,51821054,56589289,3
Hep3B2-1-7,12,56598343,56636460,1
Hep3B2-1-7,12,56638046,56724798,3
Hep3B2-1-7,12,56733872,56752573,0
Hep3B2-1-7,12,56773606,70430886,3
Hep3B2-1-7,12,70519936,70637670,1
Hep3B2-1-7,12,70638907,76764604,3
Hep3B2-1-7,12,76797159,76851260,1
Hep3B2-1-7,12,76858726,79621397,3
Hep3B2-1-7,12,79775654,80378323,1
Hep3B2-1-7,12,80707443,81267133,3
Hep3B2-1-7,12,81267134,81754473,1
Hep3B2-1-7,12,82352958,88049660,2
Hep3B2-1-7,12,88050079,88141582,1
Hep3B2-1-7,12,88148052,95218161,3
Hep3B2-1-7,12,95251665,95308788,1
Hep3B2-1-7,12,95473935,98751797,3
Hep3B2-1-7,12,98772767,99825664,1
Hep3B2-1-7,12,99983829,104311687,2
Hep3B2-1-7,12,104312970,104339548,0
Hep3B2-1-7,12,104348078,109285786,3
Hep3B2-1-7,12,109286373,109443924,1
Hep3B2-1-7,12,109443938,112168192,2
Hep3B2-1-7,12,112169228,112306491,1
Hep3B2-1-7,12,112405066,118255844,2
Hep3B2-1-7,12,118379887,119154658,1
Hep3B2-1-7,12,119156234,122474550,3
Hep3B2-1-7,12,122477566,122767879,1
Hep3B2-1-7,12,122768587,123813708,3
Hep3B2-1-7,12,123813709,123935756,1
Hep3B2-1-7,12,123936788,133202210,3
Hep3B2-1-7,13,19173623,43107525,2
Hep3B2-1-7,13,19173623,20003410,2
Hep3B2-1-7,13,20004799,20086234,0
Hep3B2-1-7,13,20141706,21177439,2
Hep3B2-1-7,13,21378426,21425953,0
Hep3B2-1-7,13,21458787,34943389,2
Hep3B2-1-7,13,35040658,35671266,0
Hep3B2-1-7,13,35774365,43214398,2
Hep3B2-1-7,13,43213713,75871201,1
Hep3B2-1-7,13,43223776,52127759,1
Hep3B2-1-7,13,52132867,52151641,0
Hep3B2-1-7,13,52152334,87678542,1
Hep3B2-1-7,13,76884894,87678542,2
Hep3B2-1-7,13,91350330,114299007,3
Hep3B2-1-7,13,91350330,98712861,3
Hep3B2-1-7,13,98715601,99015883,1
Hep3B2-1-7,13,99200634,114299007,3
Hep3B2-1-7,14,19747151,45247556,3
Hep3B2-1-7,14,19747151,21301479,3
Hep3B2-1-7,14,21302213,21351491,1
Hep3B2-1-7,14,21352472,21373707,3
Hep3B2-1-7,14,21385338,21431513,1
Hep3B2-1-7,14,21431536,31293751,3
Hep3B2-1-7,14,31293752,31389173,1
Hep3B2-1-7,14,31447852,45095810,3
Hep3B2-1-7,14,45095828,45111092,0
Hep3B2-1-7,14,45112043,50359426,2
Hep3B2-1-7,14,46650843,106005325,2
Hep3B2-1-7,14,50376062,50532312,0
Hep3B2-1-7,14,50559989,56805733,2
Hep3B2-1-7,14,57208430,57247987,0
Hep3B2-1-7,14,57268347,58432732,2
Hep3B2-1-7,14,58442450,58540411,0
Hep3B2-1-7,14,58547548,73645317,2
Hep3B2-1-7,14,73654572,73696217,0
Hep3B2-1-7,14,73712301,74764637,2
Hep3B2-1-7,14,74778172,74858783,0
Hep3B2-1-7,14,74860936,76831606,2
Hep3B2-1-7,14,76835932,77248641,1
Hep3B2-1-7,14,77248642,88612028,2
Hep3B2-1-7,14,88615543,88792778,1
Hep3B2-1-7,14,88824431,103915464,2
Hep3B2-1-7,14,103975123,104052357,1
Hep3B2-1-7,14,104085496,106874951,2
Hep3B2-1-7,14,106005326,106874951,5
Hep3B2-1-7,15,19964458,101684138,3
Hep3B2-1-7,15,19964458,26772575,3
Hep3B2-1-7,15,26772576,27533099,1
Hep3B2-1-7,15,27645070,30942343,3
Hep3B2-1-7,15,30946855,30975278,0
Hep3B2-1-7,15,30976544,32680190,3
Hep3B2-1-7,15,32684285,33867005,1
Hep3B2-1-7,15,33867218,38501562,3
Hep3B2-1-7,15,38502037,38560280,0
Hep3B2-1-7,15,38696331,41332749,3
Hep3B2-1-7,15,41332750,41380461,1
Hep3B2-1-7,15,41387183,41691939,3
Hep3B2-1-7,15,41695800,41775666,1
Hep3B2-1-7,15,41799546,48178475,3
Hep3B2-1-7,15,48207481,48332031,1
Hep3B2-1-7,15,48332032,54236710,3
Hep3B2-1-7,15,54237344,55342077,1
Hep3B2-1-7,15,55350426,55863356,3
Hep3B2-1-7,15,55869304,56143175,0
Hep3B2-1-7,15,56144126,63609509,3
Hep3B2-1-7,15,63611976,63764466,1
Hep3B2-1-7,15,63774419,65644788,3
Hep3B2-1-7,15,65645337,66295418,1
Hep3B2-1-7,15,66306547,76342112,3
Hep3B2-1-7,15,76348358,78103790,1
Hep3B2-1-7,15,78105034,81339055,3
Hep3B2-1-7,15,81339126,82810105,2
Hep3B2-1-7,15,82812931,82823562,0
Hep3B2-1-7,15,82826135,101251281,3
Hep3B2-1-7,15,101272496,101432375,1
Hep3B2-1-7,15,101443281,101711790,3
Hep3B2-1-7,16,53423,5015245,2
Hep3B2-1-7,16,55320,7052373,2
Hep3B2-1-7,16,5025253,18801743,3
Hep3B2-1-7,16,7332725,33845094,3
Hep3B2-1-7,16,18809294,18884442,1
Hep3B2-1-7,16,19008895,21989068,3
Hep3B2-1-7,16,22109303,22152909,1
Hep3B2-1-7,16,22155292,31225018,3
Hep3B2-1-7,16,31261417,36311158,2
Hep3B2-1-7,16,38265669,51151518,2
Hep3B2-1-7,16,46581452,90075069,2
Hep3B2-1-7,16,52438638,53325150,1
Hep3B2-1-7,16,53434280,68698623,2
Hep3B2-1-7,16,68738020,68802136,0
Hep3B2-1-7,16,68808147,90075069,2
Hep3B2-1-7,17,281918,7596246,3
Hep3B2-1-7,17,413650,7596246,3
Hep3B2-1-7,17,7601134,7673977,0
Hep3B2-1-7,17,7601134,7673977,0
Hep3B2-1-7,17,7673978,22813679,3
Hep3B2-1-7,17,7673978,16691019,3
Hep3B2-1-7,17,16719923,16773804,0
Hep3B2-1-7,17,16939270,22813679,3
Hep3B2-1-7,17,26616164,82601776,3
Hep3B2-1-7,17,26616164,27799086,3
Hep3B2-1-7,17,27879198,28192483,0
Hep3B2-1-7,17,28194307,29794214,3
Hep3B2-1-7,17,29941522,30108299,1
Hep3B2-1-7,17,30117803,40364090,3
Hep3B2-1-7,17,40389244,40416626,1
Hep3B2-1-7,17,40416627,41914150,3
Hep3B2-1-7,17,41930449,42000845,1
Hep3B2-1-7,17,42017065,47440973,3
Hep3B2-1-7,17,47545634,47619439,1
Hep3B2-1-7,17,47619462,61861816,3
Hep3B2-1-7,17,61867316,61926937,1
Hep3B2-1-7,17,61927660,64506396,2
Hep3B2-1-7,17,64508317,64538054,1
Hep3B2-1-7,17,64545571,78439492,3
Hep3B2-1-7,17,78440776,78676446,1
Hep3B2-1-7,17,78679949,82750988,3
Hep3B2-1-7,17,82615713,83085163,2
Hep3B2-1-7,17,82755890,83085163,1
Hep3B2-1-7,18,196829,15460899,2
Hep3B2-1-7,18,196829,2656536,2
Hep3B2-1-7,18,2665882,3215498,1
Hep3B2-1-7,18,3252971,9708719,2
Hep3B2-1-7,18,9774602,9859600,1
Hep3B2-1-7,18,9885898,15460899,2
Hep3B2-1-7,18,20861206,79753721,2
Hep3B2-1-7,18,20861206,36828953,2
Hep3B2-1-7,18,36834045,37222498,0
Hep3B2-1-7,18,37253627,58044983,2
Hep3B2-1-7,18,58165513,58396544,0
Hep3B2-1-7,18,58450799,61816711,2
Hep3B2-1-7,18,62045581,62161579,0
Hep3B2-1-7,18,62187229,62385288,2
Hep3B2-1-7,18,62539430,62979706,0
Hep3B2-1-7,18,63128348,79753721,2
Hep3B2-1-7,19,282753,8822936,4
Hep3B2-1-7,19,282753,7084021,4
Hep3B2-1-7,19,7116779,24498980,3
Hep3B2-1-7,19,8842411,9252338,2
Hep3B2-1-7,19,9295301,17154190,3
Hep3B2-1-7,19,17154191,17206953,1
Hep3B2-1-7,19,17206954,19642896,3
Hep3B2-1-7,19,19645215,23755193,2
Hep3B2-1-7,19,23758472,24498980,3
Hep3B2-1-7,19,27190874,58569520,3
Hep3B2-1-7,19,27190874,35749033,3
Hep3B2-1-7,19,35751901,35768110,1
Hep3B2-1-7,19,35768111,40599812,3
Hep3B2-1-7,19,40599813,40605313,1
Hep3B2-1-7,19,40605314,58569520,3
Hep3B2-1-7,2,224970,1980052,1
Hep3B2-1-7,2,224970,39378400,2
Hep3B2-1-7,2,3189057,21043707,2
Hep3B2-1-7,2,23751771,23886104,0
Hep3B2-1-7,2,23887588,25388636,2
Hep3B2-1-7,2,25419240,25845838,1
Hep3B2-1-7,2,25877891,26317275,2
Hep3B2-1-7,2,26317276,26389378,0
Hep3B2-1-7,2,26401713,28870507,2
Hep3B2-1-7,2,28894441,29033824,1
Hep3B2-1-7,2,29035242,32357343,2
Hep3B2-1-7,2,32377319,32628657,1
Hep3B2-1-7,2,32630259,33398822,2
Hep3B2-1-7,2,33514862,33563012,0
Hep3B2-1-7,2,33584499,36548978,2
Hep3B2-1-7,2,36552888,36558788,0
Hep3B2-1-7,2,36560510,38729974,2
Hep3B2-1-7,2,38731458,42493744,3
Hep3B2-1-7,2,39436615,92188145,3
Hep3B2-1-7,2,42570162,42698109,1
Hep3B2-1-7,2,42703919,43226008,3
Hep3B2-1-7,2,43230712,43592667,1
Hep3B2-1-7,2,43644459,50347134,3
Hep3B2-1-7,2,50465167,51026738,1
Hep3B2-1-7,2,51027227,65082982,3
Hep3B2-1-7,2,65088273,66567786,2
Hep3B2-1-7,2,66568392,69437699,3
Hep3B2-1-7,2,69475594,69530382,1
Hep3B2-1-7,2,69530383,72179736,3
Hep3B2-1-7,2,72183809,72733393,1
Hep3B2-1-7,2,72741029,86137304,3
Hep3B2-1-7,2,86137305,86181647,1
Hep3B2-1-7,2,86205829,89914326,3
Hep3B2-1-7,2,89936660,90221445,11
Hep3B2-1-7,2,94090557,241873023,3
Hep3B2-1-7,2,94871303,97739773,3
Hep3B2-1-7,2,97756824,97888395,1
Hep3B2-1-7,2,97908383,98533770,3
Hep3B2-1-7,2,98535454,98587883,1
Hep3B2-1-7,2,98600475,101791051,3
Hep3B2-1-7,2,101823672,101889210,1
Hep3B2-1-7,2,101890891,106094432,3
Hep3B2-1-7,2,106096443,106166358,1
Hep3B2-1-7,2,106806401,112187783,3
Hep3B2-1-7,2,112231563,112482778,1
Hep3B2-1-7,2,112485640,121285386,3
Hep3B2-1-7,2,121340586,124914552,1
Hep3B2-1-7,2,126689978,132670209,3
Hep3B2-1-7,2,132673014,133517801,1
Hep3B2-1-7,2,134254127,135169058,3
Hep3B2-1-7,2,135200067,135504764,1
Hep3B2-1-7,2,135604569,137171188,3
Hep3B2-1-7,2,137230821,137676880,1
Hep3B2-1-7,2,137964215,148513218,4
Hep3B2-1-7,2,148644875,149161110,1
Hep3B2-1-7,2,149204978,151490224,3
Hep3B2-1-7,2,151490225,151973988,1
Hep3B2-1-7,2,152098055,152335995,3
Hep3B2-1-7,2,152521668,152673981,1
Hep3B2-1-7,2,152676131,152679732,0
Hep3B2-1-7,2,152680951,161235789,3
Hep3B2-1-7,2,161318551,161977151,1
Hep3B2-1-7,2,161977447,166200139,3
Hep3B2-1-7,2,166203689,166477971,1
Hep3B2-1-7,2,166903206,168927637,3
Hep3B2-1-7,2,168930390,169018357,1
Hep3B2-1-7,2,169081305,171555049,3
Hep3B2-1-7,2,171689970,171748064,1
Hep3B2-1-7,2,171784997,174809317,3
Hep3B2-1-7,2,174811236,174952477,1
Hep3B2-1-7,2,175074332,178504164,3
Hep3B2-1-7,2,178526766,178742196,1
Hep3B2-1-7,2,178745316,179950778,3
Hep3B2-1-7,2,179950779,179993616,0
Hep3B2-1-7,2,180981866,196640053,3
Hep3B2-1-7,2,196646066,196732299,1
Hep3B2-1-7,2,196732300,199964088,3
Hep3B2-1-7,2,200388970,200478275,1
Hep3B2-1-7,2,200489823,200670956,3
Hep3B2-1-7,2,200812943,200821580,1
Hep3B2-1-7,2,200853036,201619407,3
Hep3B2-1-7,2,201623980,201693304,1
Hep3B2-1-7,2,201693601,224558133,3
Hep3B2-1-7,2,224584667,225651840,1
Hep3B2-1-7,2,226794733,233060887,3
Hep3B2-1-7,2,233079060,233560199,2
Hep3B2-1-7,2,233617431,236168248,3
Hep3B2-1-7,2,236194597,236392157,1
Hep3B2-1-7,2,236392158,236465985,0
Hep3B2-1-7,2,236486554,237820620,2
Hep3B2-1-7,2,237820796,237834676,1
Hep3B2-1-7,2,237876947,241637999,3
Hep3B2-1-7,2,241650735,241672539,0
Hep3B2-1-7,2,241675850,241873023,3
Hep3B2-1-7,20,87623,26436232,3
Hep3B2-1-7,20,87623,20370077,3
Hep3B2-1-7,20,20392824,21233105,1
Hep3B2-1-7,20,21243970,26436232,3
Hep3B2-1-7,20,30038348,64273492,3
Hep3B2-1-7,20,30038348,37103110,3
Hep3B2-1-7,20,37108324,37174387,1
Hep3B2-1-7,20,37183903,64273492,3
Hep3B2-1-7,21,10542440,10864560,3
Hep3B2-1-7,21,10542440,10864560,3
Hep3B2-1-7,21,12915808,46643564,3
Hep3B2-1-7,21,12915808,46445604,3
Hep3B2-1-7,21,46484482,46643564,2
Hep3B2-1-7,22,16590608,50744057,3
Hep3B2-1-7,22,16590608,17886304,2
Hep3B2-1-7,22,17886895,17903022,1
Hep3B2-1-7,22,17904453,25846558,3
Hep3B2-1-7,22,25847155,26027888,1
Hep3B2-1-7,22,26292129,30026051,3
Hep3B2-1-7,22,30093678,30176442,0
Hep3B2-1-7,22,30243374,36302953,3
Hep3B2-1-7,22,36303748,36305379,0
Hep3B2-1-7,22,36305671,40029842,3
Hep3B2-1-7,22,40125543,40323489,1
Hep3B2-1-7,22,40346282,41699975,3
Hep3B2-1-7,22,41703056,41799574,1
Hep3B2-1-7,22,41808614,50744057,3
Hep3B2-1-7,3,326074,30004139,4
Hep3B2-1-7,3,326074,4516858,4
Hep3B2-1-7,3,4520749,4846500,1
Hep3B2-1-7,3,4979477,9384965,4
Hep3B2-1-7,3,9428664,9476366,1
Hep3B2-1-7,3,9501934,15645765,4
Hep3B2-1-7,3,15670017,15795581,1
Hep3B2-1-7,3,15873496,25598752,3
Hep3B2-1-7,3,25599160,25642660,1
Hep3B2-1-7,3,25643419,33440125,2
Hep3B2-1-7,3,30622966,90772458,2
Hep3B2-1-7,3,33498356,33718262,0
Hep3B2-1-7,3,33811795,48298796,2
Hep3B2-1-7,3,48306717,48328616,0
Hep3B2-1-7,3,48372491,50648323,2
Hep3B2-1-7,3,50778400,51663695,1
Hep3B2-1-7,3,51674028,52294583,2
Hep3B2-1-7,3,52322177,52402726,1
Hep3B2-1-7,3,52402727,53885693,2
Hep3B2-1-7,3,53885694,56564396,1
Hep3B2-1-7,3,56566352,69109396,2
Hep3B2-1-7,3,69118424,69764208,1
Hep3B2-1-7,3,69866016,77645181,2
Hep3B2-1-7,3,77645777,81705870,1
Hep3B2-1-7,3,81761100,90772458,2
Hep3B2-1-7,3,93655574,94126767,2
Hep3B2-1-7,3,93655574,97244562,2
Hep3B2-1-7,3,96814411,97748976,1
Hep3B2-1-7,3,97404875,169089409,3
Hep3B2-1-7,3,97767831,100748807,3
Hep3B2-1-7,3,100750220,100993680,1
Hep3B2-1-7,3,101226692,122681335,3
Hep3B2-1-7,3,122684910,122728853,1
Hep3B2-1-7,3,122740107,124934989,3
Hep3B2-1-7,3,124970377,125029763,1
Hep3B2-1-7,3,125083614,129977493,3
Hep3B2-1-7,3,130439947,130675672,1
Hep3B2-1-7,3,130679038,133588323,3
Hep3B2-1-7,3,133600975,133661402,1
Hep3B2-1-7,3,133748156,134030078,3
Hep3B2-1-7,3,134157878,134222814,1
Hep3B2-1-7,3,134357428,142963554,3
Hep3B2-1-7,3,143001354,143056725,1
Hep3B2-1-7,3,143120540,150547105,3
Hep3B2-1-7,3,150552081,150627409,1
Hep3B2-1-7,3,150659662,154123350,3
Hep3B2-1-7,3,154124142,154240751,0
Hep3B2-1-7,3,154252841,173605337,3
Hep3B2-1-7,3,169089723,198036087,4
Hep3B2-1-7,3,173695280,173790151,0
Hep3B2-1-7,3,173807403,177065252,2
Hep3B2-1-7,3,178807133,180610819,4
Hep3B2-1-7,3,180614646,180664261,1
Hep3B2-1-7,3,180679016,184712098,3
Hep3B2-1-7,3,184824358,185048834,1
Hep3B2-1-7,3,185051601,198036087,4
Hep3B2-1-7,4,85909,49712061,4
Hep3B2-1-7,4,85909,7193401,4
Hep3B2-1-7,4,7396013,7737447,2
Hep3B2-1-7,4,7739925,10083891,3
Hep3B2-1-7,4,10084168,15601648,2
Hep3B2-1-7,4,15605446,15979672,4
Hep3B2-1-7,4,15979673,16214173,1
Hep3B2-1-7,4,16502366,25677024,4
Hep3B2-1-7,4,25748150,26386668,2
Hep3B2-1-7,4,26405898,39182838,4
Hep3B2-1-7,4,39185451,39278925,1
Hep3B2-1-7,4,39288484,39825763,4
Hep3B2-1-7,4,39837581,39976827,1
Hep3B2-1-7,4,40097064,49712061,4
Hep3B2-1-7,4,51743951,68497081,4
Hep3B2-1-7,4,51743951,56436120,4
Hep3B2-1-7,4,56436121,56459776,1
Hep3B2-1-7,4,56467359,57041210,4
Hep3B2-1-7,4,61497019,64280476,1
Hep3B2-1-7,4,64280764,66277125,4
Hep3B2-1-7,4,67472367,67544470,1
Hep3B2-1-7,4,67550512,68497081,4
Hep3B2-1-7,4,68537363,68568304,0
Hep3B2-1-7,4,68537363,68568304,2
Hep3B2-1-7,4,68568305,72750514,4
Hep3B2-1-7,4,68568305,69934985,4
Hep3B2-1-7,4,69935651,69942852,1
Hep3B2-1-7,4,69944575,72569039,4
Hep3B2-1-7,4,72749964,74098971,2
Hep3B2-1-7,4,73057856,188143950,2
Hep3B2-1-7,4,74098972,74174958,1
Hep3B2-1-7,4,74175004,75755757,2
Hep3B2-1-7,4,75757221,75813570,0
Hep3B2-1-7,4,75860425,78058360,2
Hep3B2-1-7,4,78065710,78526932,1
Hep3B2-1-7,4,78534174,79907742,2
Hep3B2-1-7,4,79977346,80069782,0
Hep3B2-1-7,4,80071308,86194678,2
Hep3B2-1-7,4,86634982,86814826,0
Hep3B2-1-7,4,86823477,88379361,2
Hep3B2-1-7,4,88382946,88442668,0
Hep3B2-1-7,4,88459070,99039740,2
Hep3B2-1-7,4,99040768,99085491,1
Hep3B2-1-7,4,99088414,127965410,2
Hep3B2-1-7,4,127982681,128017776,0
Hep3B2-1-7,4,128019805,146641085,2
Hep3B2-1-7,4,146706883,146940170,1
Hep3B2-1-7,4,147485405,153705539,2
Hep3B2-1-7,4,153710094,153751750,0
Hep3B2-1-7,4,153781229,168311161,2
Hep3B2-1-7,4,168311162,168472610,0
Hep3B2-1-7,4,168472611,169269489,2
Hep3B2-1-7,4,169394235,169585824,1
Hep3B2-1-7,4,169587284,169591084,0
Hep3B2-1-7,4,169598825,177990783,2
Hep3B2-1-7,4,182323776,183316004,1
Hep3B2-1-7,4,183319279,188143950,2
Hep3B2-1-7,5,140673,5318558,3
Hep3B2-1-7,5,142926,45695918,3
Hep3B2-1-7,5,5318746,5448172,0
Hep3B2-1-7,5,5454277,16616818,3
Hep3B2-1-7,5,16666417,16877982,1
Hep3B2-1-7,5,16935513,31401837,3
Hep3B2-1-7,5,31405402,31485237,1
Hep3B2-1-7,5,31486216,39074243,3
Hep3B2-1-7,5,39107168,39141416,1
Hep3B2-1-7,5,39153173,40854723,3
Hep3B2-1-7,5,40909336,41071127,1
Hep3B2-1-7,5,41142548,46485900,3
Hep3B2-1-7,5,50059807,53683498,3
Hep3B2-1-7,5,50398996,69553948,2
Hep3B2-1-7,5,53886286,54310754,1
Hep3B2-1-7,5,54455513,58977620,2
Hep3B2-1-7,5,58988218,59218284,0
Hep3B2-1-7,5,59275063,61687345,2
Hep3B2-1-7,5,61703631,62385844,0
Hep3B2-1-7,5,62388733,66789048,2
Hep3B2-1-7,5,66789458,67153855,1
Hep3B2-1-7,5,67160181,72905687,2
Hep3B2-1-7,5,69566312,70076796,1
Hep3B2-1-7,5,70951664,177609972,2
Hep3B2-1-7,5,72968223,73064219,0
Hep3B2-1-7,5,73068375,73685159,2
Hep3B2-1-7,5,73749562,73911858,0
Hep3B2-1-7,5,74043014,79685550,2
Hep3B2-1-7,5,79690018,79759177,0
Hep3B2-1-7,5,79761536,90525566,2
Hep3B2-1-7,5,90614560,91164175,1
Hep3B2-1-7,5,91371123,116448086,2
Hep3B2-1-7,5,116467308,116505219,1
Hep3B2-1-7,5,118840684,134309002,2
Hep3B2-1-7,5,134312017,134366798,0
Hep3B2-1-7,5,134371319,135937187,2
Hep3B2-1-7,5,135937188,136316054,1
Hep3B2-1-7,5,136356333,140648812,2
Hep3B2-1-7,5,140651442,140662488,0
Hep3B2-1-7,5,140664636,151065348,2
Hep3B2-1-7,5,151101173,151183827,1
Hep3B2-1-7,5,151184067,157252955,2
Hep3B2-1-7,5,157285087,157472074,1
Hep3B2-1-7,5,157472075,177609972,2
Hep3B2-1-7,5,177734586,177739368,0
Hep3B2-1-7,5,177734586,177739368,0
Hep3B2-1-7,5,177992443,181260211,2
Hep3B2-1-7,5,177992443,181260211,2
Hep3B2-1-7,6,335069,17761152,6
Hep3B2-1-7,6,335069,26423068,5
Hep3B2-1-7,6,17763835,17898455,2
Hep3B2-1-7,6,17986779,24843829,6
Hep3B2-1-7,6,24847750,25605168,2
Hep3B2-1-7,6,25605811,35842879,5
Hep3B2-1-7,6,26423069,41691490,4
Hep3B2-1-7,6,35856986,35891288,1
Hep3B2-1-7,6,35920193,39868098,5
Hep3B2-1-7,6,39868548,39901657,1
Hep3B2-1-7,6,39901658,43523015,4
Hep3B2-1-7,6,41723649,58553888,3
Hep3B2-1-7,6,43523385,43573876,1
Hep3B2-1-7,6,43575485,53041512,4
Hep3B2-1-7,6,53070749,53098105,1
Hep3B2-1-7,6,53127929,55875142,4
Hep3B2-1-7,6,56057392,56614759,1
Hep3B2-1-7,6,56615240,56646040,3
Hep3B2-1-7,6,56646041,56954849,1
Hep3B2-1-7,6,56981534,57210657,3
Hep3B2-1-7,6,57318171,58553888,1
Hep3B2-1-7,6,59829934,170583760,3
Hep3B2-1-7,6,59829934,60504969,1
Hep3B2-1-7,6,60544450,71377306,3
Hep3B2-1-7,6,71403276,72398625,1
Hep3B2-1-7,6,72398680,83524905,3
Hep3B2-1-7,6,83555878,83662697,1
Hep3B2-1-7,6,83665164,84089758,3
Hep3B2-1-7,6,84124795,84226668,1
Hep3B2-1-7,6,84736415,123224406,3
Hep3B2-1-7,6,123252137,123637050,1
Hep3B2-1-7,6,123803924,135194146,3
Hep3B2-1-7,6,135194147,135491022,1
Hep3B2-1-7,6,135851722,138162446,3
Hep3B2-1-7,6,138170387,138335445,1
Hep3B2-1-7,6,138336020,142302606,3
Hep3B2-1-7,6,142309269,142443743,1
Hep3B2-1-7,6,142752834,159234747,3
Hep3B2-1-7,6,159235947,159240232,0
Hep3B2-1-7,6,159246626,169251061,3
Hep3B2-1-7,6,169582561,169689245,1
Hep3B2-1-7,6,169702202,170584276,3
Hep3B2-1-7,7,500881,10940334,4
Hep3B2-1-7,7,500881,5901209,5
Hep3B2-1-7,7,5901380,5920243,2
Hep3B2-1-7,7,5927924,57126995,5
Hep3B2-1-7,7,10974049,14841538,2
Hep3B2-1-7,7,15201008,17343341,5
Hep3B2-1-7,7,17793770,18996337,2
Hep3B2-1-7,7,19116436,21543871,5
Hep3B2-1-7,7,21544756,22310295,1
Hep3B2-1-7,7,22726986,35831771,5
Hep3B2-1-7,7,35832523,35903490,1
Hep3B2-1-7,7,36154084,48029215,5
Hep3B2-1-7,7,48036034,48645787,2
Hep3B2-1-7,7,49775197,57121312,4
Hep3B2-1-7,7,57126397,58169653,3
Hep3B2-1-7,7,61528020,77794641,3
Hep3B2-1-7,7,64520884,159109734,3
Hep3B2-1-7,7,77839981,77955153,1
Hep3B2-1-7,7,78019539,80217770,4
Hep3B2-1-7,7,80458396,80512201,0
Hep3B2-1-7,7,80646464,92246794,3
Hep3B2-1-7,7,92294704,92396751,1
Hep3B2-1-7,7,92397448,92537206,3
Hep3B2-1-7,7,92569606,92581878,1
Hep3B2-1-7,7,92614869,100723410,3
Hep3B2-1-7,7,100735445,100779965,1
Hep3B2-1-7,7,100784408,111728949,3
Hep3B2-1-7,7,111731951,112206413,1
Hep3B2-1-7,7,112206440,122320581,3
Hep3B2-1-7,7,122325205,122663827,1
Hep3B2-1-7,7,122697511,141973966,3
Hep3B2-1-7,7,142005256,142066106,1
Hep3B2-1-7,7,142066413,151248839,3
Hep3B2-1-7,7,151274837,151377453,1
Hep3B2-1-7,7,151381813,154588348,3
Hep3B2-1-7,7,154637546,155740271,1
Hep3B2-1-7,7,155741544,159109734,2
Hep3B2-1-7,8,246274,32605960,2
Hep3B2-1-7,8,246274,2145226,2
Hep3B2-1-7,8,2938340,3409880,0
Hep3B2-1-7,8,3468437,6757665,1
Hep3B2-1-7,8,6815532,7451476,1
Hep3B2-1-7,8,7860369,17885831,2
Hep3B2-1-7,8,17935336,18025933,0
Hep3B2-1-7,8,18027362,21966585,2
Hep3B2-1-7,8,21966586,22004305,1
Hep3B2-1-7,8,22004720,24956775,2
Hep3B2-1-7,8,25243399,25411562,0
Hep3B2-1-7,8,25419142,28027327,2
Hep3B2-1-7,8,28028991,28074685,0
Hep3B2-1-7,8,28092938,29071041,2
Hep3B2-1-7,8,29071345,29263309,1
Hep3B2-1-7,8,29336749,30712365,2
Hep3B2-1-7,8,30743915,30761204,0
Hep3B2-1-7,8,30762998,36784853,2
Hep3B2-1-7,8,32614237,44033744,3
Hep3B2-1-7,8,36787031,36933300,1
Hep3B2-1-7,8,36935251,39103977,2
Hep3B2-1-7,8,39136382,39285074,1
Hep3B2-1-7,8,39584346,39838462,3
Hep3B2-1-7,8,39913648,40013988,1
Hep3B2-1-7,8,40014972,43123117,3
Hep3B2-1-7,8,43146673,43199844,1
Hep3B2-1-7,8,43292208,44033744,3
Hep3B2-1-7,8,45877265,52684290,3
Hep3B2-1-7,8,45877265,47738346,3
Hep3B2-1-7,8,47773898,47954721,1
Hep3B2-1-7,8,47955599,53958704,2
Hep3B2-1-7,8,52685122,68818523,2
Hep3B2-1-7,8,53970013,54010767,0
Hep3B2-1-7,8,54021788,60743309,2
Hep3B2-1-7,8,60780752,60866207,0
Hep3B2-1-7,8,61090619,66516353,2
Hep3B2-1-7,8,66564422,66602798,0
Hep3B2-1-7,8,66612544,76706929,2
Hep3B2-1-7,8,69563743,145052771,3
Hep3B2-1-7,8,76707349,76863700,1
Hep3B2-1-7,8,76863701,86743885,2
Hep3B2-1-7,8,86866221,87354061,0
Hep3B2-1-7,8,87872532,90645600,3
Hep3B2-1-7,8,90824442,90955787,0
Hep3B2-1-7,8,90995400,92076329,3
Hep3B2-1-7,8,93700949,93726788,0
Hep3B2-1-7,8,93727930,97851751,3
Hep3B2-1-7,8,97887826,98035987,1
Hep3B2-1-7,8,98041878,104532240,2
Hep3B2-1-7,8,104588542,106679569,1
Hep3B2-1-7,8,106682922,109362928,3
Hep3B2-1-7,8,109364273,109530365,1
Hep3B2-1-7,8,109550548,124978135,3
Hep3B2-1-7,8,124999129,125022220,1
Hep3B2-1-7,8,125024340,131040572,3
Hep3B2-1-7,8,131940224,132044764,1
Hep3B2-1-7,8,132049531,144240361,3
Hep3B2-1-7,8,144240362,144241253,2
Hep3B2-1-7,8,144241254,145052771,2
Hep3B2-1-7,9,154795,43389635,3
Hep3B2-1-7,9,154795,13107386,3
Hep3B2-1-7,9,13108661,14869219,1
Hep3B2-1-7,9,15171742,18721940,3
Hep3B2-1-7,9,18722743,18908823,1
Hep3B2-1-7,9,18927775,43389635,3
Hep3B2-1-7,9,45518558,138121810,3
Hep3B2-1-7,9,45518558,76189427,3
Hep3B2-1-7,9,76189428,76788734,1
Hep3B2-1-7,9,76823331,78031419,3
Hep3B2-1-7,9,78236114,78266174,1
Hep3B2-1-7,9,78266175,92289696,3
Hep3B2-1-7,9,92293166,92326382,1
Hep3B2-1-7,9,92331930,110338073,3
Hep3B2-1-7,9,110366264,111451829,1
Hep3B2-1-7,9,111484308,113156408,3
Hep3B2-1-7,9,113157452,113221518,1
Hep3B2-1-7,9,113255960,129880524,3
Hep3B2-1-7,9,129890264,129979649,1
Hep3B2-1-7,9,129994568,138013501,3
Hep3B2-1-7,9,138016864,138121810,1
HuH-7,1,946247,108600963,2
HuH-7,1,108605946,122026459,2
HuH-7,1,124932724,153419586,2
HuH-7,1,153436783,157841978,3
HuH-7,1,158075967,196747590,2
HuH-7,1,196778885,196788675,0
HuH-7,1,196826664,215195369,2
HuH-7,1,215234551,248816707,3
HuH-7,10,236957,39686682,2
HuH-7,10,41593521,133555550,2
HuH-7,11,205935,26444113,2
HuH-7,11,26462753,32104650,6
HuH-7,11,32388799,48489607,2
HuH-7,11,48489608,51078348,5
HuH-7,11,54425074,56990013,5
HuH-7,11,57181617,57426416,2
HuH-7,11,57467332,58268135,7
HuH-7,11,58357848,59516122,3
HuH-7,11,59576300,61965792,5
HuH-7,11,62127885,63311311,3
HuH-7,11,63369780,63682055,11
HuH-7,11,63704574,66071074,2
HuH-7,11,66193209,68263195,11
HuH-7,11,68263415,71464419,5
HuH-7,11,71472172,134381883,2
HuH-7,12,140964,34769407,3
HuH-7,12,37185252,113387366,3
HuH-7,12,113387467,133106434,2
HuH-7,13,19173623,19182024,0
HuH-7,13,19422785,61415354,2
HuH-7,13,63171424,86393847,3
HuH-7,13,87675112,114325924,2
HuH-7,14,19747151,28769019,3
HuH-7,14,29576995,31178531,14
HuH-7,14,31205520,32155205,29
HuH-7,14,32433217,53952499,2
HuH-7,14,54399617,63017231,3
HuH-7,14,63044837,105588669,2
HuH-7,14,105599791,106874951,4
HuH-7,15,19964458,43559209,2
HuH-7,15,43580725,43581620,0
HuH-7,15,43596143,64981302,2
HuH-7,15,65002787,101684138,3
HuH-7,16,47610,36311158,2
HuH-7,16,38265669,67539345,2
HuH-7,16,67539451,90075069,3
HuH-7,17,281918,22813679,3
HuH-7,17,26616164,30380003,3
HuH-7,17,30384712,69314692,2
HuH-7,17,69414708,83094142,2
HuH-7,18,196829,15460899,5
HuH-7,18,20861206,21864943,5
HuH-7,18,22170868,30299235,2
HuH-7,18,30993898,32288476,1
HuH-7,18,32309916,80138359,2
HuH-7,19,288246,18789547,3
HuH-7,19,18789665,24498980,5
HuH-7,19,27190874,33107176,5
HuH-7,19,33109440,55802016,3
HuH-7,19,55807576,58571001,4
HuH-7,2,224919,51028548,2
HuH-7,2,53670242,74178949,3
HuH-7,2,74198365,76749191,2
HuH-7,2,77518037,92188145,3
HuH-7,2,94090557,178126453,3
HuH-7,2,178305908,241872311,2
HuH-7,20,96321,26436232,4
HuH-7,20,30038348,35980857,4
HuH-7,20,35983705,64105965,3
HuH-7,21,10567938,10864560,2
HuH-7,21,12915808,46658699,2
HuH-7,22,16590608,50744057,3
HuH-7,3,344837,37286338,4
HuH-7,3,37288958,49426705,3
HuH-7,3,49428831,59922691,2
HuH-7,3,60011094,81761792,1
HuH-7,3,85726205,90772458,3
HuH-7,3,93655574,138756229,3
HuH-7,3,138758896,168552224,2
HuH-7,3,169084632,183179881,3
HuH-7,3,183179882,183195532,0
HuH-7,3,183205599,197854276,2
HuH-7,4,654854,10566425,4
HuH-7,4,10571466,30920603,6
HuH-7,4,31142196,49062167,2
HuH-7,4,51863160,54738810,6
HuH-7,4,55079664,67946848,2
HuH-7,4,67963106,68670895,6
HuH-7,4,68815745,133163559,2
HuH-7,4,133189864,177990783,3
HuH-7,4,182323776,188143974,1
HuH-7,5,169246,33453667,2
HuH-7,5,33454668,45645885,5
HuH-7,5,45695392,46485900,3
HuH-7,5,50059807,71061585,3
HuH-7,5,71073950,71093468,0
HuH-7,5,71455620,108021278,2
HuH-7,5,108185840,108348807,0
HuH-7,5,108364461,160094340,2
HuH-7,5,160118530,180948647,3
HuH-7,5,180948648,181003060,0
HuH-7,5,181003581,181155604,3
HuH-7,6,335175,29945558,3
HuH-7,6,29974875,32039698,2
HuH-7,6,32039929,32460362,2
HuH-7,6,32517462,32519928,0
HuH-7,6,32521628,58553888,2
HuH-7,6,59829934,60504969,2
HuH-7,6,60544450,170583760,4
HuH-7,7,498640,48108634,2
HuH-7,7,48197962,58169653,3
HuH-7,7,61528020,73343174,3
HuH-7,7,73433731,76625960,2
HuH-7,7,77167393,79453597,1
HuH-7,7,80134884,159103826,3
HuH-7,8,413192,12723531,2
HuH-7,8,12725450,33592489,3
HuH-7,8,33593303,44033744,4
HuH-7,8,45877265,48061007,4
HuH-7,8,48724465,55524504,2
HuH-7,8,55739855,70707430,4
HuH-7,8,70733519,141228543,3
HuH-7,8,141356570,144889982,2
HuH-7,9,154795,34971953,2
HuH-7,9,34972069,36237228,3
HuH-7,9,36245754,37888827,6
HuH-7,9,37919594,43389635,3
HuH-7,9,45518558,81687711,3
HuH-7,9,81988544,82061629,16
HuH-7,9,82982400,138121810,3
JHH-1,1,930939,2306397,7
JHH-1,1,2336192,22130128,5
JHH-1,1,22489724,31349251,3
JHH-1,1,31363755,32108411,6
JHH-1,1,32154311,44131033,3
JHH-1,1,44213488,45088514,6
JHH-1,1,45205479,93675207,3
JHH-1,1,93846557,94418865,7
JHH-1,1,94458330,122026459,3
JHH-1,1,124932724,143880967,3
JHH-1,1,145607856,248816707,5
JHH-1,10,49286,39686682,4
JHH-1,10,41593521,117210512,4
JHH-1,10,117241417,133625545,5
JHH-1,11,197557,51078348,4
JHH-1,11,54425074,55573293,4
JHH-1,11,55603203,55652116,0
JHH-1,11,55664890,64940044,4
JHH-1,11,64940297,134374428,5
JHH-1,12,140964,34769407,5
JHH-1,12,37185252,81440321,5
JHH-1,12,81445281,133191967,4
JHH-1,13,19173623,114272138,3
JHH-1,14,19747151,106874951,4
JHH-1,15,19964458,83067404,3
JHH-1,15,83107404,101684138,2
JHH-1,16,53423,31528939,4
JHH-1,16,31873690,36311158,5
JHH-1,16,38265669,69425129,5
JHH-1,16,69446873,90075069,4
JHH-1,17,219577,22813679,3
JHH-1,17,26616164,36950682,3
JHH-1,17,36952609,37745161,8
JHH-1,17,38299076,74589126,5
JHH-1,17,74591770,75829212,7
JHH-1,17,75830880,83094142,4
JHH-1,18,196829,15460899,4
JHH-1,18,20861206,33683841,4
JHH-1,18,33731693,80045715,3
JHH-1,19,367178,4511275,3
JHH-1,19,4511276,18107893,4
JHH-1,19,18121420,18594651,7
JHH-1,19,18596345,24498980,4
JHH-1,19,27190874,29610909,4
JHH-1,19,29611585,41422499,6
JHH-1,19,41422500,42293438,10
JHH-1,19,42293439,58514318,6
JHH-1,2,224970,31581175,4
JHH-1,2,31868173,58166133,7
JHH-1,2,58198317,92188145,5
JHH-1,2,94090557,166294937,5
JHH-1,2,166302815,241872907,4
JHH-1,20,96321,26436232,6
JHH-1,20,30038348,64228008,6
JHH-1,21,10413733,10864560,3
JHH-1,21,12915808,46643564,3
JHH-1,22,16590608,50744057,5
JHH-1,3,319825,90772458,3
JHH-1,3,93655574,114352135,3
JHH-1,3,115623413,168552224,5
JHH-1,3,169084632,169809020,14
JHH-1,3,169821687,197944156,6
JHH-1,4,654854,49712061,3
JHH-1,4,51743951,68497081,3
JHH-1,4,68537363,68568761,0
JHH-1,4,68646827,189982795,3
JHH-1,5,230865,46485900,4
JHH-1,5,50059807,181155604,4
JHH-1,6,335175,27807705,7
JHH-1,6,27807706,32460362,5
JHH-1,6,32517462,32519928,0
JHH-1,6,32521628,58553888,5
JHH-1,6,59829934,69676360,5
JHH-1,6,69676361,170583760,3
JHH-1,7,498640,4878416,2
JHH-1,7,4907121,6758208,5
JHH-1,7,6758807,6805332,1
JHH-1,7,6812699,58169653,5
JHH-1,7,61528020,101613987,5
JHH-1,7,101615943,159109734,6
JHH-1,8,668728,21972243,4
JHH-1,8,21974395,23258590,6
JHH-1,8,23258591,44033744,5
JHH-1,8,45877265,144889982,5
JHH-1,9,286593,36923761,4
JHH-1,9,36966272,43389635,5
JHH-1,9,45518558,138121810,5
JHH-2,1,930939,31373291,3
JHH-2,1,31423434,58506486,4
JHH-2,1,58526984,62114523,18
JHH-2,1,62116255,65919112,9
JHH-2,1,65992663,78664088,6
JHH-2,1,78890825,122026459,4
JHH-2,1,124932724,145623385,4
JHH-2,1,145645906,173734563,5
JHH-2,1,173751487,206450740,3
JHH-2,1,206452925,248816707,5
JHH-2,10,48930,39686682,4
JHH-2,10,41593521,87793032,4
JHH-2,10,87814200,87933528,0
JHH-2,10,87951935,133560264,4
JHH-2,11,197557,2411942,6
JHH-2,11,2411943,51078348,4
JHH-2,11,54425074,78281178,4
JHH-2,11,78417369,134381883,2
JHH-2,12,165406,34769407,2
JHH-2,12,37185252,38907655,2
JHH-2,12,39294147,133191967,3
JHH-2,13,19173623,114272138,2
JHH-2,14,19747151,81534021,5
JHH-2,14,85621238,106874951,2
JHH-2,15,19964458,35542784,4
JHH-2,15,36579586,43844331,3
JHH-2,15,43850810,49131090,4
JHH-2,15,49133493,49371676,1
JHH-2,15,49424021,59492664,4
JHH-2,15,59506938,65336201,3
JHH-2,15,65374820,73368547,4
JHH-2,15,73442911,78931783,3
JHH-2,15,78932095,86988363,4
JHH-2,15,87028550,91916735,1
JHH-2,15,92094604,92655548,0
JHH-2,15,92900961,98486172,1
JHH-2,15,98649305,99386379,0
JHH-2,15,99632845,101684138,1
JHH-2,16,47610,33845094,4
JHH-2,16,46581452,78433029,3
JHH-2,16,79211331,90075069,5
JHH-2,17,413576,16567987,3
JHH-2,17,16622011,22813679,4
JHH-2,17,26616164,28910645,4
JHH-2,17,28910835,83085163,3
JHH-2,18,196829,15460899,2
JHH-2,18,20861206,35703920,2
JHH-2,18,35709347,80045715,4
JHH-2,19,291184,24498980,5
JHH-2,19,27190874,58571238,5
JHH-2,2,224970,92188145,4
JHH-2,2,94090557,241872311,4
JHH-2,20,96321,26436232,6
JHH-2,20,30038348,49096715,6
JHH-2,20,49114601,64105965,7
JHH-2,21,10413773,10864560,4
JHH-2,21,12915808,46658699,4
JHH-2,22,16590608,40029842,6
JHH-2,22,40125543,40463504,3
JHH-2,22,40679169,48750122,6
JHH-2,22,49774003,50678709,5
JHH-2,3,319825,90772458,2
JHH-2,3,93655574,116445303,2
JHH-2,3,118902276,198038561,4
JHH-2,4,654854,49712061,3
JHH-2,4,51743951,68497081,3
JHH-2,4,68537363,68568761,0
JHH-2,4,68646827,189982795,3
JHH-2,5,169246,7886131,6
JHH-2,5,7886338,46485900,5
JHH-2,5,50059807,53486305,5
JHH-2,5,53560386,71061585,2
JHH-2,5,71073950,71093468,0
JHH-2,5,71455620,152405390,4
JHH-2,5,153490612,180948032,3
JHH-2,5,180948078,181003060,0
JHH-2,5,181003581,181155604,2
JHH-2,6,335069,31592998,4
JHH-2,6,31615053,32058238,6
JHH-2,6,32058239,32460362,4
JHH-2,6,32517462,32590017,9
JHH-2,6,32637266,58553888,4
JHH-2,6,59829934,159819629,4
JHH-2,6,159820177,170583760,3
JHH-2,7,498640,5886366,6
JHH-2,7,5900007,5920243,3
JHH-2,7,5927924,50089986,6
JHH-2,7,50318787,58169653,7
JHH-2,7,61528020,159109876,7
JHH-2,8,668728,7056883,3
JHH-2,8,7450546,7861000,0
JHH-2,8,8317877,23683165,3
JHH-2,8,23844493,44033744,4
JHH-2,8,45877265,47799629,4
JHH-2,8,47800518,144946051,6
JHH-2,9,154795,43389635,2
JHH-2,9,45518558,69014366,2
JHH-2,9,69046108,138121810,3
JHH-4,1,930939,114876415,3
JHH-4,1,114876460,114885880,0
JHH-4,1,114885881,119987359,3
JHH-4,1,119996398,122026459,5
JHH-4,1,124932724,248855287,5
JHH-4,10,49286,39686682,4
JHH-4,10,41593521,122579034,4
JHH-4,10,122584047,122589542,0
JHH-4,10,122599789,133560190,4
JHH-4,11,197557,51078348,3
JHH-4,11,54425074,111560735,3
JHH-4,11,111615966,134374229,4
JHH-4,12,138734,34769407,4
JHH-4,12,37185252,133106434,4
JHH-4,13,19173623,114324793,2
JHH-4,14,19747151,106874951,3
JHH-4,15,19964458,101711790,3
JHH-4,16,55444,36311158,3
JHH-4,16,38265669,69940217,3
JHH-4,16,69954130,69963282,0
JHH-4,16,70120221,90075069,3
JHH-4,17,327568,21416902,3
JHH-4,17,22298620,22813679,6
JHH-4,17,26616164,83094142,6
JHH-4,18,196829,15460899,5
JHH-4,18,20861206,20955105,5
JHH-4,18,20959563,80160338,3
JHH-4,19,281360,22769599,3
JHH-4,19,23359231,24498980,5
JHH-4,19,27190874,58571238,5
JHH-4,2,224970,92188145,4
JHH-4,2,94090557,241872907,4
JHH-4,20,96321,26436232,5
JHH-4,20,30038348,64105965,5
JHH-4,21,10543191,10864560,3
JHH-4,21,12915808,46643564,3
JHH-4,22,16590608,50744057,4
JHH-4,3,319825,90772458,3
JHH-4,3,93655574,197999191,3
JHH-4,4,654854,49712061,3
JHH-4,4,51743951,68497081,3
JHH-4,4,68537363,68568304,0
JHH-4,4,68646827,189941027,3
JHH-4,5,163507,46485900,4
JHH-4,5,50059807,71061585,4
JHH-4,5,71073950,71093468,0
JHH-4,5,71455620,109867275,4
JHH-4,5,110741770,181260211,3
JHH-4,6,335069,26508294,4
JHH-4,6,26508295,58553888,3
JHH-4,6,59829934,170583760,3
JHH-4,7,500881,5886366,6
JHH-4,7,5900007,5920243,2
JHH-4,7,5927924,5973819,0
JHH-4,7,5977326,38359097,6
JHH-4,7,38362604,58169653,5
JHH-4,7,61528020,72939686,5
JHH-4,7,72942671,72950421,0
JHH-4,7,73303138,90160148,4
JHH-4,7,90160528,96170402,10
JHH-4,7,96171195,159103924,4
JHH-4,8,668728,22818012,1
JHH-4,8,22919923,37698437,5
JHH-4,8,37698438,44033744,3
JHH-4,8,45877265,113437088,3
JHH-4,8,115413752,128049513,5
JHH-4,8,128149841,144889982,3
JHH-4,9,214864,43389635,3
JHH-4,9,45518558,138121810,3
JHH-6,1,930939,114858988,3
JHH-6,1,114859466,114861086,3
JHH-6,1,114874229,114977893,1
JHH-6,1,114981059,122026459,3
JHH-6,1,124932724,223845955,3
JHH-6,1,224113869,248917151,4
JHH-6,10,325037,7286218,2
JHH-6,10,7367383,17159506,4
JHH-6,10,17160028,17161825,3
JHH-6,10,17161889,37218141,4
JHH-6,10,37218719,39686682,6
JHH-6,10,41593521,75552828,6
JHH-6,10,75782699,133557962,3
JHH-6,11,197557,32615219,3
JHH-6,11,32615663,32699602,1
JHH-6,11,32702596,51078348,4
JHH-6,11,54425074,55573293,4
JHH-6,11,55603203,55652116,0
JHH-6,11,55664890,134381883,4
JHH-6,12,138905,34769407,4
JHH-6,12,37185252,38724110,4
JHH-6,12,38724569,133191967,3
JHH-6,13,19173623,32032142,4
JHH-6,13,32060828,67228717,2
JHH-6,13,69701425,114262041,4
JHH-6,14,19747151,20511393,9
JHH-6,14,20556197,106874951,3
JHH-6,15,19964458,101711790,3
JHH-6,16,47610,36311158,2
JHH-6,16,38265669,69940217,2
JHH-6,16,69954130,69963282,0
JHH-6,16,70120221,90075069,2
JHH-6,17,560603,22813679,4
JHH-6,17,26616164,29476048,4
JHH-6,17,29477384,83094142,3
JHH-6,18,252559,15460899,2
JHH-6,18,20861206,33346681,2
JHH-6,18,33348613,33356623,0
JHH-6,18,33369773,80138359,2
JHH-6,19,367178,10288431,3
JHH-6,19,10290843,24498980,2
JHH-6,19,27190874,45854772,2
JHH-6,19,45871826,46851043,5
JHH-6,19,46918401,54820289,2
JHH-6,19,54821378,54851532,0
JHH-6,19,54851768,58548362,2
JHH-6,2,224970,84424049,3
JHH-6,2,84425138,92188145,5
JHH-6,2,94090557,102028669,5
JHH-6,2,102157448,169750009,3
JHH-6,2,169800714,181063165,7
JHH-6,2,181457430,241872907,3
JHH-6,20,96321,26436232,4
JHH-6,20,30038348,64273189,4
JHH-6,21,10413733,10864560,3
JHH-6,21,12915808,46658699,3
JHH-6,22,16590608,50678709,3
JHH-6,3,326074,90772458,3
JHH-6,3,93655574,93910982,3
JHH-6,3,93923972,108645058,2
JHH-6,3,108646340,108651439,1
JHH-6,3,108653868,197839383,2
JHH-6,4,654854,20258216,2
JHH-6,4,20268533,26584569,5
JHH-6,4,26612892,49051126,3
JHH-6,4,49061535,49712061,2
JHH-6,4,51743951,64328833,2
JHH-6,4,64408858,69295071,2
JHH-6,4,69480357,188097459,2
JHH-6,5,163090,45695918,6
JHH-6,5,50398996,90497983,2
JHH-6,5,90501629,181243433,4
JHH-6,6,335175,58553888,4
JHH-6,6,59829934,69361773,4
JHH-6,6,69372129,170583760,3
JHH-6,7,501104,58169653,4
JHH-6,7,61528020,159103924,4
JHH-6,8,413192,43342048,2
JHH-6,8,43342049,44033744,3
JHH-6,8,45877265,120523613,3
JHH-6,8,120538600,144889982,6
JHH-6,9,154795,41183937,3
JHH-6,9,66908429,138121810,4
JHH-7,1,930939,1477627,4
JHH-7,1,1480590,1482846,0
JHH-7,1,1484739,17340090,4
JHH-7,1,17341666,89009771,3
JHH-7,1,89010627,89012304,0
JHH-7,1,89012990,122026459,3
JHH-7,1,124932724,192659800,3
JHH-7,1,192808795,193250989,1
JHH-7,1,196227947,248917420,3
JHH-7,10,236957,38117575,2
JHH-7,10,38117576,39686682,3
JHH-7,10,41593521,133557962,3
JHH-7,11,197557,7706669,3
JHH-7,11,7795697,7825111,0
JHH-7,11,7825112,51078348,3
JHH-7,11,54425074,55268649,3
JHH-7,11,55342959,68414289,4
JHH-7,11,68416061,70503208,21
JHH-7,11,70659551,86007860,3
JHH-7,11,86010753,86022746,0
JHH-7,11,86026015,134371200,3
JHH-7,12,165406,34769407,4
JHH-7,12,37185252,121713241,4
JHH-7,12,121743352,133191967,3
JHH-7,13,19173623,53051011,2
JHH-7,13,54311697,79543959,3
JHH-7,13,79548051,102876180,2
JHH-7,13,103045856,114272138,3
JHH-7,14,19747151,24443044,3
JHH-7,14,24505239,36875281,4
JHH-7,14,37247612,39432042,7
JHH-7,14,41886349,106874951,2
JHH-7,15,19964458,82859443,3
JHH-7,15,82863892,101714775,6
JHH-7,16,53423,36311158,3
JHH-7,16,38265669,70153799,3
JHH-7,16,70156200,70186199,0
JHH-7,16,70250863,90075069,3
JHH-7,17,281918,16282363,3
JHH-7,17,16299611,22299969,12
JHH-7,17,27294119,54904069,4
JHH-7,17,54905212,83094142,3
JHH-7,18,196829,15460899,3
JHH-7,18,20861206,27143086,3
JHH-7,18,27951929,80138359,2
JHH-7,19,288246,24498980,3
JHH-7,19,27190874,58548362,3
JHH-7,2,45895,29164231,4
JHH-7,2,29167199,45488608,3
JHH-7,2,45546455,90221445,4
JHH-7,2,94871303,157556609,3
JHH-7,2,157586910,165770977,5
JHH-7,2,165874478,241851121,3
JHH-7,20,96321,8802430,4
JHH-7,20,8881345,21715080,3
JHH-7,20,22581613,26436232,4
JHH-7,20,30038348,64273189,4
JHH-7,21,10413511,10864560,2
JHH-7,21,12915808,46658699,2
JHH-7,22,16590608,50744057,5
JHH-7,3,344837,47088524,3
JHH-7,3,47097678,90772458,2
JHH-7,3,93655574,93874677,2
JHH-7,3,93876689,108646926,3
JHH-7,3,108647693,108651439,0
JHH-7,3,108653868,197938728,3
JHH-7,4,85635,5526608,3
JHH-7,4,5562584,5799069,0
JHH-7,4,5801703,10542555,2
JHH-7,4,10558132,10585230,0
JHH-7,4,10597703,27161131,2
JHH-7,4,30721146,39521789,4
JHH-7,4,39551849,49712061,2
JHH-7,4,51743951,68497081,2
JHH-7,4,68537363,68568761,0
JHH-7,4,68646827,141234266,2
JHH-7,4,141719188,188101170,4
JHH-7,5,163145,26988610,7
JHH-7,5,31267197,45695918,4
JHH-7,5,50398996,69104993,2
JHH-7,5,69108072,73887954,3
JHH-7,5,73891821,96936451,4
JHH-7,5,96978861,181243251,3
JHH-7,6,335069,31996714,3
JHH-7,6,32028613,32029452,0
JHH-7,6,32038674,58553888,3
JHH-7,6,59829934,127444559,3
JHH-7,6,127446131,137017380,4
JHH-7,6,137145367,148474499,7
JHH-7,6,148487337,165576725,6
JHH-7,6,166158038,167383150,21
JHH-7,6,167825414,170583760,3
JHH-7,7,501104,57126995,2
JHH-7,7,64520884,134576696,4
JHH-7,7,134576697,159109734,3
JHH-7,8,246274,44033744,2
JHH-7,8,45877265,109973037,2
JHH-7,8,109973667,144946051,3
JHH-7,9,286593,43389635,2
JHH-7,9,45518558,77337814,2
JHH-7,9,77339239,113056965,3
JHH-7,9,113155724,124032984,2
JHH-7,9,124292666,138121810,3
SK-HEP-1,1,930939,9982978,3
SK-HEP-1,1,9996982,89009771,4
SK-HEP-1,1,89010627,89012304,0
SK-HEP-1,1,89012990,122026459,4
SK-HEP-1,1,124932724,248816707,4
SK-HEP-1,10,49286,39686682,4
SK-HEP-1,10,41593521,133557962,4
SK-HEP-1,11,197557,51078348,4
SK-HEP-1,11,54425074,134381883,4
SK-HEP-1,12,138734,34769407,5
SK-HEP-1,12,37185252,107754386,5
SK-HEP-1,12,107756555,133202210,4
SK-HEP-1,13,19173623,20903015,0
SK-HEP-1,13,20979425,43869653,3
SK-HEP-1,13,43880709,75855645,4
SK-HEP-1,13,75856239,114299007,3
SK-HEP-1,14,19747151,106810329,4
SK-HEP-1,15,19964458,101711790,3
SK-HEP-1,16,47354,36311158,3
SK-HEP-1,16,38265669,52468849,3
SK-HEP-1,16,52546362,75656795,4
SK-HEP-1,16,76277388,87690803,3
SK-HEP-1,16,87696303,88681991,1
SK-HEP-1,16,88686054,90075069,4
SK-HEP-1,17,219577,22813679,5
SK-HEP-1,17,26616164,83093262,5
SK-HEP-1,18,166819,15460899,3
SK-HEP-1,18,20861206,80135800,3
SK-HEP-1,19,282753,4511873,3
SK-HEP-1,19,4511874,4513011,2
SK-HEP-1,19,4513012,15273376,3
SK-HEP-1,19,15354659,24498980,4
SK-HEP-1,19,27190874,51627355,4
SK-HEP-1,19,51627356,51630257,4
SK-HEP-1,19,51643117,58571238,4
SK-HEP-1,2,224919,90221445,5
SK-HEP-1,2,94871303,109501903,3
SK-HEP-1,2,109544032,241851121,5
SK-HEP-1,20,96321,26436232,4
SK-HEP-1,20,30038348,64273189,4
SK-HEP-1,21,10543191,10864560,4
SK-HEP-1,21,12915808,46660984,4
SK-HEP-1,22,16590608,50744057,4
SK-HEP-1,3,319810,38711174,3
SK-HEP-1,3,38711884,90772458,4
SK-HEP-1,3,93655574,156143697,4
SK-HEP-1,3,156291662,186804990,3
SK-HEP-1,3,186852811,197839383,4
SK-HEP-1,4,337869,49712061,3
SK-HEP-1,4,51743951,189982961,3
SK-HEP-1,5,169246,46485900,4
SK-HEP-1,5,50059807,69553948,4
SK-HEP-1,5,69566312,70076796,0
SK-HEP-1,5,70951664,181199927,4
SK-HEP-1,6,335175,27457686,7
SK-HEP-1,6,27467576,55875142,6
SK-HEP-1,6,56057392,58553888,3
SK-HEP-1,6,59829934,170569798,3
SK-HEP-1,7,498640,58169653,5
SK-HEP-1,7,61528020,159109734,5
SK-HEP-1,8,413192,44033744,3
SK-HEP-1,8,45877265,144930592,3
SK-HEP-1,9,154795,21481962,3
SK-HEP-1,9,21802472,22448009,0
SK-HEP-1,9,23692280,43389635,3
SK-HEP-1,9,45518558,138121810,3
SNU-387,1,930939,71776574,3
SNU-387,1,71934802,122026459,4
SNU-387,1,124932724,152315024,4
SNU-387,1,152315042,248855287,3
SNU-387,10,49286,39686682,2
SNU-387,10,41593521,95039315,2
SNU-387,10,95042613,133625545,3
SNU-387,11,197557,51078348,2
SNU-387,11,54425074,66221518,2
SNU-387,11,66227227,69816700,16
SNU-387,11,70078332,76447285,7
SNU-387,11,76451581,78805759,4
SNU-387,11,79401747,134381883,2
SNU-387,12,138734,34769407,3
SNU-387,12,37185252,133106434,3
SNU-387,13,19173623,78659397,2
SNU-387,13,79191778,114299067,4
SNU-387,14,19747151,106874951,2
SNU-387,15,19964458,101684138,2
SNU-387,16,47610,36311158,3
SNU-387,16,38265669,67007094,3
SNU-387,16,67008697,90075069,2
SNU-387,17,219577,22813679,2
SNU-387,17,26616164,47440973,2
SNU-387,17,47545634,83085163,3
SNU-387,18,252559,15460899,4
SNU-387,18,20861206,39622450,4
SNU-387,18,41955015,80160338,2
SNU-387,19,325584,24498980,2
SNU-387,19,27190874,40808141,2
SNU-387,19,40843531,40850691,0
SNU-387,19,40875428,54239362,2
SNU-387,19,54240113,54243028,0
SNU-387,19,54252089,58499452,2
SNU-387,2,224970,92188145,3
SNU-387,2,94090557,241872311,3
SNU-387,20,96321,26436232,4
SNU-387,20,30038348,64273189,4
SNU-387,21,10413511,10864560,1
SNU-387,21,12915808,33469157,1
SNU-387,21,33487960,46658699,3
SNU-387,22,16590608,50744057,3
SNU-387,3,319825,6862184,2
SNU-387,3,7146229,17508847,6
SNU-387,3,18348893,27722571,2
SNU-387,3,28263072,33866802,5
SNU-387,3,35681475,66038585,2
SNU-387,3,66242927,90772458,4
SNU-387,3,93655574,197944156,4
SNU-387,4,85635,49712061,2
SNU-387,4,51743951,68497081,2
SNU-387,4,68550400,68568761,0
SNU-387,4,68646827,188143950,2
SNU-387,5,163145,46485900,3
SNU-387,5,50059807,180948647,3
SNU-387,5,180948648,181003060,0
SNU-387,5,181003581,181243858,3
SNU-387,6,335175,58553888,4
SNU-387,6,59829934,170584276,4
SNU-387,7,498640,6705448,3
SNU-387,7,6757401,6805332,1
SNU-387,7,6812699,58169653,3
SNU-387,7,61528020,159109734,3
SNU-387,8,246274,44033744,2
SNU-387,8,45877265,144946051,2
SNU-387,9,154795,21240212,2
SNU-387,9,21305061,23765355,0
SNU-387,9,25677449,28889230,2
SNU-387,9,32405230,43389635,4
SNU-387,9,45518558,117414917,4
SNU-387,9,117704196,138121810,2
SNU-398,1,935835,86017481,3
SNU-398,1,86021963,122026459,4
SNU-398,1,124932724,151140367,4
SNU-398,1,151142227,248855917,3
SNU-398,10,277343,34517426,2
SNU-398,10,34696041,39686682,3
SNU-398,10,41593521,133557962,3
SNU-398,11,230368,49982769,2
SNU-398,11,54602791,134381883,3
SNU-398,12,139036,34769407,3
SNU-398,12,37185252,133106434,3
SNU-398,13,19173623,114244779,2
SNU-398,14,19747151,69442489,4
SNU-398,14,69452964,85623731,3
SNU-398,14,87934455,106874951,4
SNU-398,15,19964458,101714775,3
SNU-398,16,47610,2059150,2
SNU-398,16,2060393,2102910,0
SNU-398,16,2108288,16209136,2
SNU-398,16,16221372,16263477,0
SNU-398,16,17108433,28482949,2
SNU-398,16,28483729,36311158,3
SNU-398,16,38265669,84779357,3
SNU-398,16,84838229,90075069,4
SNU-398,17,553323,12763921,2
SNU-398,17,12894665,22299969,4
SNU-398,17,27294119,31214862,2
SNU-398,17,31218728,31335308,0
SNU-398,17,31336056,46172381,2
SNU-398,17,46331305,63723603,3
SNU-398,17,63726361,83093262,4
SNU-398,18,196829,15460899,2
SNU-398,18,20861206,23189186,2
SNU-398,18,23194171,27143086,3
SNU-398,18,27951929,80138359,2
SNU-398,19,288246,885285,3
SNU-398,19,885493,3382464,2
SNU-398,19,3433241,5151762,3
SNU-398,19,5206497,9568374,2
SNU-398,19,9609957,10059310,3
SNU-398,19,10086689,10984650,2
SNU-398,19,10984996,11022219,0
SNU-398,19,11023241,15055764,2
SNU-398,19,15055765,17075699,3
SNU-398,19,17101443,18222551,2
SNU-398,19,18256905,20039622,4
SNU-398,19,20167056,24498980,3
SNU-398,19,27190874,44893206,3
SNU-398,19,44893579,47258940,2
SNU-398,19,47260044,48922701,1
SNU-398,19,48933445,48978423,0
SNU-398,19,48981253,51630257,1
SNU-398,19,51643117,51645656,0
SNU-398,19,51692376,54825355,1
SNU-398,19,54829904,54839974,0
SNU-398,19,54846909,58499226,1
SNU-398,2,224970,33599498,3
SNU-398,2,36356049,89268358,4
SNU-398,2,89268359,89948546,2
SNU-398,2,90005135,92188145,4
SNU-398,2,94090557,105399371,4
SNU-398,2,105854787,156583195,2
SNU-398,2,157257853,241872907,3
SNU-398,20,96321,26436232,3
SNU-398,20,30038348,64273189,3
SNU-398,21,10543191,10864560,2
SNU-398,21,12915808,46651989,2
SNU-398,22,16590608,50684673,2
SNU-398,3,344837,46022224,3
SNU-398,3,46202969,90772458,2
SNU-398,3,93655574,174859725,2
SNU-398,3,175096585,175256805,0
SNU-398,3,175323900,197854276,2
SNU-398,4,85635,49062167,3
SNU-398,4,51863160,68497081,2
SNU-398,4,68537363,68568761,0
SNU-398,4,68646827,69214541,2
SNU-398,4,69280651,69295071,0
SNU-398,4,69480357,189941027,2
SNU-398,5,169246,46485900,2
SNU-398,5,50059807,95081757,2
SNU-398,5,95284096,103560465,1
SNU-398,5,107380978,150731286,3
SNU-398,5,150731287,181260211,4
SNU-398,6,335069,58553888,3
SNU-398,6,59829934,70163673,3
SNU-398,6,70165664,155947154,4
SNU-398,6,156778900,170583760,3
SNU-398,7,501104,11169765,4
SNU-398,7,11375519,38331087,2
SNU-398,7,38349098,38359097,0
SNU-398,7,38362604,47278455,2
SNU-398,7,47279887,58169653,4
SNU-398,7,61528020,159058543,4
SNU-398,8,668728,38953642,2
SNU-398,8,38957048,41491242,4
SNU-398,8,41497267,44033744,2
SNU-398,8,45877265,86743885,2
SNU-398,8,86866221,144946051,4
SNU-398,9,154795,43389635,2
SNU-398,9,45518558,138121810,2
SNU-423,1,946247,1439991,4
SNU-423,1,1462397,1495988,0
SNU-423,1,1515735,108186217,4
SNU-423,1,108199679,122026459,4
SNU-423,1,124932724,193250989,4
SNU-423,1,196227947,243222088,5
SNU-423,1,243224901,248816707,6
SNU-423,10,236957,38119097,4
SNU-423,10,42592336,133625545,6
SNU-423,11,197557,51078348,6
SNU-423,11,54425074,55573293,6
SNU-423,11,55603203,55652116,0
SNU-423,11,55664890,85758002,6
SNU-423,11,85864847,134381883,5
SNU-423,12,141073,28450695,4
SNU-423,12,28452201,34769407,6
SNU-423,12,37185252,133191967,6
SNU-423,13,19173623,114262041,4
SNU-423,14,19747151,39234506,6
SNU-423,14,39236657,106874951,4
SNU-423,15,19964458,101711790,3
SNU-423,16,55320,36311158,4
SNU-423,16,38265669,90075069,4
SNU-423,17,586191,22813679,4
SNU-423,17,26616164,27302233,4
SNU-423,17,27303090,54950403,5
SNU-423,17,54960289,83093237,6
SNU-423,18,196829,15460899,3
SNU-423,18,20861206,80138359,3
SNU-423,19,288246,24128257,5
SNU-423,19,29207271,58548362,4
SNU-423,2,224970,89914326,4
SNU-423,2,89936660,92188145,5
SNU-423,2,94090557,241872907,5
SNU-423,20,96321,26436232,7
SNU-423,20,30038348,64105965,7
SNU-423,21,10542440,10864560,4
SNU-423,21,12915808,35721083,4
SNU-423,21,36035840,46643564,3
SNU-423,22,16590608,50705178,5
SNU-423,3,344564,90772458,5
SNU-423,3,93655574,197889660,5
SNU-423,4,521700,49712061,5
SNU-423,4,51743951,68497081,5
SNU-423,4,68537363,68568761,0
SNU-423,4,68646827,72129196,5
SNU-423,4,72137763,115077268,2
SNU-423,4,117084014,188104818,3
SNU-423,5,169246,46485900,6
SNU-423,5,50059807,71061585,6
SNU-423,5,71073950,71093468,0
SNU-423,5,71455620,181155604,6
SNU-423,6,335069,58553888,7
SNU-423,6,59829934,170583760,7
SNU-423,7,501104,6781108,5
SNU-423,7,6796298,6805332,0
SNU-423,7,6812699,58169653,6
SNU-423,7,61528020,128409620,6
SNU-423,7,128456992,159103924,5
SNU-423,8,245254,43357172,3
SNU-423,8,47202163,50793106,5
SNU-423,8,51319616,144946051,4
SNU-423,9,154795,41183937,4
SNU-423,9,66908429,138121810,6
SNU-449,1,946247,1477627,2
SNU-449,1,1480590,1482846,1
SNU-449,1,1484739,72282732,2
SNU-449,1,74026536,103620061,3
SNU-449,1,103754325,120069683,2
SNU-449,1,120176031,122026459,3
SNU-449,1,124932724,183024411,3
SNU-449,1,183103051,248855287,4
SNU-449,10,49286,39686682,4
SNU-449,10,41593521,54379219,4
SNU-449,10,54527535,133557962,3
SNU-449,11,205935,51078348,2
SNU-449,11,54425074,134381883,2
SNU-449,12,165406,34769407,2
SNU-449,12,37185252,133106434,2
SNU-449,13,19173623,77919862,1
SNU-449,13,78601138,114272138,2
SNU-449,14,19747151,106874951,3
SNU-449,15,19964458,101684138,2
SNU-449,16,55444,426997,1
SNU-449,16,461127,36311158,2
SNU-449,16,38265669,66379824,2
SNU-449,16,66386532,90075069,3
SNU-449,17,281918,19024660,2
SNU-449,17,19282843,19557887,30
SNU-449,17,19559952,22299969,4
SNU-449,17,27294119,30786308,2
SNU-449,17,30792166,43063623,3
SNU-449,17,43063624,83094142,4
SNU-449,18,252559,15460899,2
SNU-449,18,20861206,80160338,2
SNU-449,19,327998,21166738,2
SNU-449,19,21167372,24498980,3
SNU-449,19,27190874,43185424,3
SNU-449,19,43186103,43253886,3
SNU-449,19,43267507,58548362,3
SNU-449,2,224970,89245799,2
SNU-449,2,89268220,89914326,0
SNU-449,2,89936660,92188145,3
SNU-449,2,94090557,102815210,3
SNU-449,2,104855385,121765644,2
SNU-449,2,124025376,241872907,3
SNU-449,20,157484,26436232,3
SNU-449,20,30038348,44198016,3
SNU-449,20,44202684,64228008,4
SNU-449,21,10413733,10864560,2
SNU-449,21,12915808,46658699,2
SNU-449,22,16590608,38962490,2
SNU-449,22,38964336,38992426,0
SNU-449,22,39014086,50744057,2
SNU-449,3,319825,90772458,2
SNU-449,3,93655574,197854276,2
SNU-449,4,85635,49712061,2
SNU-449,4,51743951,68497081,2
SNU-449,4,68537363,68568761,0
SNU-449,4,68646827,154612886,2
SNU-449,4,154744069,188143950,1
SNU-449,5,169648,46485900,2
SNU-449,5,50059807,180948647,2
SNU-449,5,180948648,181003060,0
SNU-449,5,181003581,181242370,2
SNU-449,6,335069,29728381,4
SNU-449,6,29826764,58553888,3
SNU-449,6,59829934,63713985,3
SNU-449,6,65334727,170583760,2
SNU-449,7,498640,58169653,3
SNU-449,7,61528020,159058543,3
SNU-449,8,245254,44033744,4
SNU-449,8,45877265,144946051,4
SNU-449,9,286593,19787136,2
SNU-449,9,20346166,25678191,0
SNU-449,9,26842024,38411826,2
SNU-449,9,38412960,43389635,3
SNU-449,9,45518558,138121810,3
huH-1,1,930939,6281563,2
huH-1,1,946247,6281563,2
huH-1,1,6294587,13421535,3
huH-1,1,6294587,13371119,3
huH-1,1,13416218,26697778,2
huH-1,1,13583529,21986949,2
huH-1,1,22001398,22003365,0
huH-1,1,22005264,26697778,2
huH-1,1,26729374,26775984,0
huH-1,1,26729374,26781033,0
huH-1,1,26778746,28238199,2
huH-1,1,26790539,28238199,2
huH-1,1,28268906,48472285,3
huH-1,1,28268906,77219679,3
huH-1,1,48586634,51312470,2
huH-1,1,51312537,55069382,3
huH-1,1,55071539,55176718,1
huH-1,1,55214666,84506368,3
huH-1,1,77286693,113124359,4
huH-1,1,84516019,84544565,0
huH-1,1,84545359,93360906,3
huH-1,1,93499193,93549701,0
huH-1,1,93550672,113124359,3
huH-1,1,113390757,120176655,2
huH-1,1,113390757,120176655,3
huH-1,1,143880314,145975148,7
huH-1,1,143880314,169630351,5
huH-1,1,145975149,174702533,5
huH-1,1,169691509,169711773,1
huH-1,1,169725467,171342116,6
huH-1,1,171511814,171592031,2
huH-1,1,171635648,171841993,9
huH-1,1,171921473,172389084,2
huH-1,1,172407497,174702533,4
huH-1,1,174752036,179918516,2
huH-1,1,174752036,180928836,2
huH-1,1,179985907,180111436,0
huH-1,1,180166214,181484285,3
huH-1,1,180934838,184054627,4
huH-1,1,181510210,181795319,1
huH-1,1,181796393,183742566,4
huH-1,1,183805023,196701606,2
huH-1,1,184054628,196652452,2
huH-1,1,196672701,206446574,3
huH-1,1,196713518,206459222,3
huH-1,1,206450111,248855917,4
huH-1,1,206460788,207496663,4
huH-1,1,207505629,207723960,1
huH-1,1,207751936,232984752,4
huH-1,1,232985817,233329110,1
huH-1,1,233346174,236897921,4
huH-1,1,237270222,237832922,1
huH-1,1,237882145,242348425,4
huH-1,1,243126174,243225555,1
huH-1,1,243255897,248856006,3
huH-1,10,236957,39686682,4
huH-1,10,236957,3136856,3
huH-1,10,3137268,3170481,1
huH-1,10,3779262,39686682,3
huH-1,10,41593521,133560190,4
huH-1,10,41593521,88764883,3
huH-1,10,88765994,88778497,1
huH-1,10,88822664,97456321,3
huH-1,10,97456500,97484426,1
huH-1,10,97498021,126521597,3
huH-1,10,126970426,127451702,1
huH-1,10,127549212,133560190,3
huH-1,11,197557,905093,3
huH-1,11,205935,51078348,3
huH-1,11,959162,1261883,2
huH-1,11,1261942,7673102,3
huH-1,11,7690938,7797203,1
huH-1,11,7824760,19143394,3
huH-1,11,19145906,19173095,1
huH-1,11,19175547,30893242,3
huH-1,11,30893973,31110546,1
huH-1,11,31262786,36659463,2
huH-1,11,40114143,51078348,3
huH-1,11,54425074,134381883,3
huH-1,11,54425074,57741763,3
huH-1,11,57741764,57815773,1
huH-1,11,57815774,66721489,3
huH-1,11,66758768,66843119,1
huH-1,11,66843120,69816700,3
huH-1,11,70078332,70188234,1
huH-1,11,70203183,72843807,3
huH-1,11,72849480,73016157,1
huH-1,11,73233883,73805354,3
huH-1,11,73808038,73864645,0
huH-1,11,73872870,74204087,3
huH-1,11,74204088,74251293,0
huH-1,11,74251410,79402069,3
huH-1,11,82732172,84923395,2
huH-1,11,85111386,85154926,0
huH-1,11,85284945,94822096,2
huH-1,11,94829775,94972460,1
huH-1,11,94997096,96392476,3
huH-1,11,99819301,100356495,1
huH-1,11,100992032,103191894,2
huH-1,11,103191905,103479528,1
huH-1,11,103909417,107416573,2
huH-1,11,107417919,107656337,1
huH-1,11,107664750,111926443,3
huH-1,11,111937225,112018160,1
huH-1,11,112018681,112233832,3
huH-1,11,112961103,113706499,1
huH-1,11,113733417,134381883,3
huH-1,12,165406,1786349,3
huH-1,12,165406,6976071,3
huH-1,12,1793380,2691446,2
huH-1,12,2794863,5563843,3
huH-1,12,5565283,5923079,1
huH-1,12,5945876,6960620,3
huH-1,12,6960621,7304789,1
huH-1,12,6976869,21179297,2
huH-1,12,7306308,7328648,0
huH-1,12,7357127,9009814,1
huH-1,12,9067548,9116124,0
huH-1,12,9148695,10418440,1
huH-1,12,10418441,10419718,0
huH-1,12,10420165,15903255,1
huH-1,12,15956588,18648303,0
huH-1,12,18682962,19440645,1
huH-1,12,19462235,19518392,0
huH-1,12,20369008,21179297,1
huH-1,12,21196669,22673937,3
huH-1,12,21196669,34769407,3
huH-1,12,22682025,26726042,1
huH-1,12,26789880,30992192,3
huH-1,12,31083732,31702274,1
huH-1,12,31709018,34769407,3
huH-1,12,37185252,51172679,3
huH-1,12,37185252,42472793,3
huH-1,12,43353934,43493528,1
huH-1,12,43501904,47998708,3
huH-1,12,47999642,48123136,1
huH-1,12,48130086,51172679,3
huH-1,12,51189971,95957216,5
huH-1,12,51189971,51663368,9
huH-1,12,51683899,51820626,2
huH-1,12,51821054,56589289,5
huH-1,12,56598343,56636460,2
huH-1,12,56638046,56724798,6
huH-1,12,56733872,56752573,1
huH-1,12,56773606,64222506,5
huH-1,12,64266908,64353331,2
huH-1,12,64390039,70430886,5
huH-1,12,70519936,70637670,1
huH-1,12,70638907,76764604,4
huH-1,12,76797159,76851260,1
huH-1,12,76858726,79621397,5
huH-1,12,79775654,81358492,2
huH-1,12,81362418,81367445,0
huH-1,12,81368450,81754473,1
huH-1,12,82352958,88049660,4
huH-1,12,88050079,88141582,1
huH-1,12,88148052,95218161,5
huH-1,12,95251665,98751797,3
huH-1,12,95960121,112848119,3
huH-1,12,98772767,99825664,1
huH-1,12,99983829,104311687,3
huH-1,12,104312970,104339548,0
huH-1,12,104348078,109285786,3
huH-1,12,109286373,109444357,1
huH-1,12,109444358,110504151,3
huH-1,12,110505342,110531904,1
huH-1,12,110536760,111809852,3
huH-1,12,111842459,111893336,1
huH-1,12,111931345,112168192,3
huH-1,12,112169228,112306491,1
huH-1,12,112405066,116738177,5
huH-1,12,112865137,122142087,5
huH-1,12,116740223,116852987,1
huH-1,12,116927757,118255844,4
huH-1,12,118379887,119157073,2
huH-1,12,119179089,122059440,5
huH-1,12,122126968,122474550,1
huH-1,12,122172135,129700957,2
huH-1,12,122477566,122767879,0
huH-1,12,122768587,123813708,1
huH-1,12,123813709,123935756,0
huH-1,12,123936788,129700957,1
huH-1,12,130162672,132203946,5
huH-1,12,130162672,132203946,5
huH-1,12,132618596,133202210,1
huH-1,12,132618596,133202210,2
huH-1,13,19173623,20003410,2
huH-1,13,19173623,114272138,2
huH-1,13,20004799,20086234,0
huH-1,13,20141706,21177439,2
huH-1,13,21378426,21425953,0
huH-1,13,21458787,34943389,2
huH-1,13,35040658,35774976,0
huH-1,13,35787935,98719597,2
huH-1,13,98721218,98978184,0
huH-1,13,99015207,114262041,2
huH-1,14,19747151,21301479,4
huH-1,14,19747151,61550108,4
huH-1,14,21302213,21351491,1
huH-1,14,21352472,21373707,4
huH-1,14,21385338,21431513,2
huH-1,14,21431536,31206213,4
huH-1,14,31293055,31380853,1
huH-1,14,31383246,45111092,3
huH-1,14,45112043,50334898,4
huH-1,14,50335718,50532312,1
huH-1,14,50559989,56805733,4
huH-1,14,57208430,57247987,1
huH-1,14,57268347,58432732,3
huH-1,14,58442450,58540411,1
huH-1,14,58547548,61550108,3
huH-1,14,61720128,106360372,2
huH-1,14,61720128,73645317,2
huH-1,14,73654572,73696217,0
huH-1,14,73712301,74764637,2
huH-1,14,74778172,74858783,0
huH-1,14,74860936,88612028,2
huH-1,14,88615543,88792778,1
huH-1,14,88824431,103492309,2
huH-1,14,103498228,103500475,0
huH-1,14,103502605,103915464,2
huH-1,14,103975123,104052357,0
huH-1,14,104085496,106302113,2
huH-1,14,106324106,106374331,0
huH-1,14,106373508,106874951,3
huH-1,14,106389115,106874951,1
huH-1,15,19964458,101684138,3
huH-1,15,19964458,26772575,3
huH-1,15,26772576,27533099,1
huH-1,15,27645070,32638096,3
huH-1,15,32643318,33867005,2
huH-1,15,33867218,41333325,4
huH-1,15,41342111,41380461,1
huH-1,15,41387183,41691939,4
huH-1,15,41695800,41765337,1
huH-1,15,41765740,48178475,4
huH-1,15,48207481,48301657,1
huH-1,15,48302475,54236710,4
huH-1,15,54237344,55355707,1
huH-1,15,55359222,55863356,4
huH-1,15,55869304,56143175,1
huH-1,15,56144126,63609509,3
huH-1,15,63611976,63764466,1
huH-1,15,63774419,65644788,3
huH-1,15,65645337,66295418,1
huH-1,15,66306547,76342112,3
huH-1,15,76348358,76884089,1
huH-1,15,76932159,81336926,3
huH-1,15,81337571,82875679,2
huH-1,15,82892445,85770853,3
huH-1,15,86143447,86988363,2
huH-1,15,87028550,99386379,3
huH-1,15,99632845,99713024,1
huH-1,15,99728872,101251281,3
huH-1,15,101272496,101432375,1
huH-1,15,101443281,101684138,3
huH-1,16,47610,5081333,3
huH-1,16,47610,4937322,3
huH-1,16,4959049,10945072,2
huH-1,16,7051797,33845094,2
huH-1,16,10957507,15030333,2
huH-1,16,15031502,18801743,2
huH-1,16,18809294,18884442,1
huH-1,16,19008895,21760817,2
huH-1,16,21953147,22155754,1
huH-1,16,22155755,31223222,2
huH-1,16,31223904,31330844,1
huH-1,16,31330890,36311158,3
huH-1,16,38265669,51151518,3
huH-1,16,46581452,90075069,3
huH-1,16,52438638,53325150,1
huH-1,16,53434280,68698623,3
huH-1,16,68738020,68809125,2
huH-1,16,68809920,69940217,3
huH-1,16,69954130,70157154,1
huH-1,16,70185608,75656795,3
huH-1,16,76277388,77191910,1
huH-1,16,77193174,81090957,3
huH-1,16,81100885,81168376,1
huH-1,16,81170463,90075069,3
huH-1,17,219577,17146369,4
huH-1,17,219577,8799395,4
huH-1,17,8802998,10364755,3
huH-1,17,10390275,16691019,4
huH-1,17,16719923,16773804,1
huH-1,17,16939270,22813679,5
huH-1,17,17147042,21416902,5
huH-1,17,22298620,22813679,3
huH-1,17,26616164,27560731,5
huH-1,17,26616164,83085214,3
huH-1,17,27577256,29703339,2
huH-1,17,29793617,30108299,1
huH-1,17,30117803,35764882,3
huH-1,17,35766243,35795642,1
huH-1,17,35809293,40355698,3
huH-1,17,40355732,40416626,1
huH-1,17,40416627,41914150,3
huH-1,17,41930449,42000845,1
huH-1,17,42017065,47440973,3
huH-1,17,47545634,47622163,1
huH-1,17,47649968,61861816,3
huH-1,17,61867316,61926937,1
huH-1,17,61927660,63943371,3
huH-1,17,63943479,64538054,2
huH-1,17,64545571,78439492,3
huH-1,17,78440776,78676446,1
huH-1,17,78679949,82750988,3
huH-1,17,82755890,83085214,2
huH-1,18,196829,15460899,3
huH-1,18,196829,216908,2
huH-1,18,218611,265805,1
huH-1,18,267691,2656536,3
huH-1,18,2665882,2784896,1
huH-1,18,2795674,3075600,3
huH-1,18,3075601,3215498,1
huH-1,18,3252971,9708719,3
huH-1,18,9774602,9845958,0
huH-1,18,9858953,15460899,3
huH-1,18,20861206,21779900,3
huH-1,18,20861206,21800251,3
huH-1,18,21791097,61816711,2
huH-1,18,21803630,36828953,2
huH-1,18,36834045,37222498,0
huH-1,18,37253627,54222687,2
huH-1,18,54223741,54294715,0
huH-1,18,54324415,58044983,2
huH-1,18,58165513,58396544,0
huH-1,18,58450799,61816711,2
huH-1,18,62045581,80138359,1
huH-1,18,62045581,62138572,0
huH-1,18,62138708,62148606,0
huH-1,18,62154270,62385288,1
huH-1,18,62539430,62979706,0
huH-1,18,63128348,74641397,1
huH-1,18,74781153,74920967,0
huH-1,18,75062875,80138359,1
huH-1,19,282753,6416448,3
huH-1,19,282753,6312776,3
huH-1,19,6333182,21425261,2
huH-1,19,6416449,8851516,2
huH-1,19,8855708,9252338,1
huH-1,19,9295301,24498980,2
huH-1,19,21505495,24498980,4
huH-1,19,27190874,30015346,2
huH-1,19,27190874,36951365,4
huH-1,19,30443308,43186682,4
huH-1,19,37088842,43185424,3
huH-1,19,43186103,43253886,0
huH-1,19,43203609,43253886,0
huH-1,19,43267507,58571238,3
huH-1,19,43267507,58571238,3
huH-1,2,224919,1980052,2
huH-1,2,224919,92188145,3
huH-1,2,3189057,10572465,3
huH-1,2,10577361,10684887,1
huH-1,2,10689521,21043707,3
huH-1,2,23751771,23927045,1
huH-1,2,23958038,25328996,3
huH-1,2,25379044,25845838,1
huH-1,2,25877891,26346564,3
huH-1,2,26364027,26402409,1
huH-1,2,26414067,28870507,3
huH-1,2,28894441,29045685,1
huH-1,2,29051485,31414943,2
huH-1,2,31525921,31534041,0
huH-1,2,31580345,32305899,3
huH-1,2,32356887,32628657,1
huH-1,2,32630259,33398822,3
huH-1,2,33514862,33563012,1
huH-1,2,33584499,36548978,3
huH-1,2,36552888,36558788,0
huH-1,2,36560510,42493744,3
huH-1,2,42570162,42709363,1
huH-1,2,42762649,43226008,4
huH-1,2,43230712,43592667,1
huH-1,2,43644459,50237247,3
huH-1,2,50312467,51026738,1
huH-1,2,51027227,61006920,3
huH-1,2,61008498,61018128,0
huH-1,2,61031142,65082982,3
huH-1,2,65088273,66567786,1
huH-1,2,66568392,69437699,3
huH-1,2,69475594,69643315,1
huH-1,2,69781289,72515401,3
huH-1,2,72559178,86137304,3
huH-1,2,86137305,86181647,1
huH-1,2,86205829,89245304,3
huH-1,2,89245305,89914326,0
huH-1,2,89936660,90221445,9
huH-1,2,94090557,152760117,3
huH-1,2,94871303,96595906,3
huH-1,2,96601368,96704967,1
huH-1,2,96706979,97739773,3
huH-1,2,97756824,97888395,1
huH-1,2,97908383,98397532,3
huH-1,2,98519774,98587883,1
huH-1,2,98600475,101383979,3
huH-1,2,101697806,101889210,1
huH-1,2,101890891,106094432,3
huH-1,2,106096443,106166358,0
huH-1,2,106806401,112232222,3
huH-1,2,112232995,112332763,1
huH-1,2,112482068,121281548,3
huH-1,2,121284771,124914552,1
huH-1,2,126689978,127294358,3
huH-1,2,127307315,127343404,1
huH-1,2,127419666,132670209,3
huH-1,2,132673014,133517801,1
huH-1,2,134254127,135169058,3
huH-1,2,135200067,135504764,1
huH-1,2,135604569,136116216,3
huH-1,2,136117771,137676880,1
huH-1,2,137964215,148690633,3
huH-1,2,148743361,149161110,1
huH-1,2,149204978,151486208,3
huH-1,2,151489696,152098799,1
huH-1,2,152120297,152175919,3
huH-1,2,152335329,152673981,1
huH-1,2,152676131,152693343,0
huH-1,2,152694267,161235789,5
huH-1,2,153477959,225651840,5
huH-1,2,161318551,161977151,1
huH-1,2,161977447,166204292,5
huH-1,2,166204293,166477971,1
huH-1,2,166903206,168927637,4
huH-1,2,168930390,169082112,2
huH-1,2,169083097,171555049,5
huH-1,2,171689970,171748064,1
huH-1,2,171784997,174809317,5
huH-1,2,174811236,174952477,1
huH-1,2,175074332,178504164,5
huH-1,2,178526766,178742196,2
huH-1,2,178745316,179770032,5
huH-1,2,179944854,179993616,1
huH-1,2,180981866,196640053,5
huH-1,2,196646066,196732299,1
huH-1,2,196732300,199964088,5
huH-1,2,200388970,200478275,1
huH-1,2,200489823,200670956,5
huH-1,2,200812943,200820395,1
huH-1,2,200821003,201619407,5
huH-1,2,201623980,201693304,1
huH-1,2,201693601,224585286,5
huH-1,2,224765446,224931943,1
huH-1,2,225408606,233481572,2
huH-1,2,226794733,232569294,2
huH-1,2,232633436,241872311,3
huH-1,2,233485256,233560199,1
huH-1,2,233617431,236168248,3
huH-1,2,236194597,236465985,1
huH-1,2,236486554,237749601,2
huH-1,2,237750925,237834676,1
huH-1,2,237876947,241037068,3
huH-1,2,241037069,241087750,1
huH-1,2,241088090,241637999,3
huH-1,2,241650735,241672539,0
huH-1,2,241675850,241872311,3
huH-1,20,157484,14085972,3
huH-1,20,157484,26436232,3
huH-1,20,14325280,20370077,2
huH-1,20,20392824,21246851,1
huH-1,20,21326023,26436232,3
huH-1,20,30038348,31258034,3
huH-1,20,30038348,31373447,3
huH-1,20,31259209,37103110,5
huH-1,20,31376995,64105965,5
huH-1,20,37108324,37174387,1
huH-1,20,37183903,64105965,5
huH-1,21,10413733,10864560,2
huH-1,21,10413733,10864560,2
huH-1,21,12915808,45538236,2
huH-1,21,12915808,46643564,2
huH-1,21,45896017,45899899,0
huH-1,21,45900314,46445604,2
huH-1,21,46484482,46643564,1
huH-1,22,16590608,25846558,2
huH-1,22,16590608,50684673,3
huH-1,22,25847155,26027888,0
huH-1,22,26292129,30099268,2
huH-1,22,30103162,30176442,0
huH-1,22,30243374,50698821,2
huH-1,3,319825,90772458,3
huH-1,3,319825,4516858,2
huH-1,3,4520749,4846500,1
huH-1,3,4979477,9384965,3
huH-1,3,9428664,9476366,1
huH-1,3,9501934,15645765,3
huH-1,3,15670017,15795581,1
huH-1,3,15873496,25598752,3
huH-1,3,25599160,25609987,0
huH-1,3,25612247,25642660,1
huH-1,3,25643419,33440125,3
huH-1,3,33498356,33718262,1
huH-1,3,33811795,47117027,3
huH-1,3,47119905,47126938,0
huH-1,3,47228375,50648323,3
huH-1,3,50778400,51663695,1
huH-1,3,51674028,52294583,3
huH-1,3,52322177,52402726,1
huH-1,3,52402727,53880386,3
huH-1,3,53881721,56149407,1
huH-1,3,56173171,69109396,3
huH-1,3,69118424,69764208,1
huH-1,3,69866016,77645181,2
huH-1,3,77645777,81705870,1
huH-1,3,81761100,90772458,3
huH-1,3,93655574,96814769,3
huH-1,3,93655574,181713577,3
huH-1,3,96814770,97748976,1
huH-1,3,97767831,100748807,3
huH-1,3,100750220,100993680,1
huH-1,3,101226692,124934989,3
huH-1,3,124970377,125029763,1
huH-1,3,125083614,129977493,3
huH-1,3,130439947,130675672,1
huH-1,3,130679038,133588323,3
huH-1,3,133600975,133661402,1
huH-1,3,133748156,134030078,3
huH-1,3,134157878,134222814,1
huH-1,3,134357428,142963554,3
huH-1,3,143001354,143056725,1
huH-1,3,143120540,150547105,3
huH-1,3,150552081,150627409,1
huH-1,3,150659662,154123350,3
huH-1,3,154124142,154218233,0
huH-1,3,154225581,171026947,2
huH-1,3,171063606,171460338,1
huH-1,3,171602850,173605337,3
huH-1,3,173695280,173790151,0
huH-1,3,173807403,177065252,1
huH-1,3,178807133,180610819,3
huH-1,3,180614646,180664261,1
huH-1,3,180679016,184712098,4
huH-1,3,182819983,197854276,4
huH-1,3,184824358,185048834,1
huH-1,3,185051601,197854276,4
huH-1,4,521700,7193401,2
huH-1,4,521700,11400256,2
huH-1,4,7396013,7734649,1
huH-1,4,7739925,10026243,2
huH-1,4,10075103,13577762,1
huH-1,4,13368281,17973162,1
huH-1,4,13579653,13620342,0
huH-1,4,13627070,15443064,1
huH-1,4,15475658,15601648,0
huH-1,4,15605446,15985892,1
huH-1,4,15985893,16202855,0
huH-1,4,16213503,17963326,1
huH-1,4,17972543,25677024,2
huH-1,4,20253547,49712061,2
huH-1,4,25748150,26386668,1
huH-1,4,26405898,39182838,2
huH-1,4,39185451,39278925,0
huH-1,4,39288484,39845076,2
huH-1,4,39845543,39976827,1
huH-1,4,40097064,49712061,2
huH-1,4,51743951,68497081,2
huH-1,4,51743951,56435646,2
huH-1,4,56435647,56459776,0
huH-1,4,56467359,57041210,2
huH-1,4,61497019,62044824,0
huH-1,4,62067891,67507209,2
huH-1,4,67508539,67544470,0
huH-1,4,67550512,68497081,2
huH-1,4,68537363,68568761,0
huH-1,4,68537363,68568761,0
huH-1,4,68646827,188101170,2
huH-1,4,68646827,69934467,2
huH-1,4,69934468,69942852,0
huH-1,4,69944575,74098971,2
huH-1,4,74098972,74174958,0
huH-1,4,74175004,75755757,2
huH-1,4,75757221,75813570,0
huH-1,4,75860425,77726260,2
huH-1,4,77726261,78573129,1
huH-1,4,78573130,79907742,2
huH-1,4,79977346,80071929,0
huH-1,4,80072134,86194678,2
huH-1,4,86634982,86814826,0
huH-1,4,86823477,88379361,2
huH-1,4,88382946,88442668,0
huH-1,4,88459070,99039740,2
huH-1,4,99040768,99085491,1
huH-1,4,99088414,112515744,2
huH-1,4,112539297,112582068,1
huH-1,4,112583756,127965410,2
huH-1,4,127982681,128017776,0
huH-1,4,128019805,146641085,2
huH-1,4,146706883,146940170,0
huH-1,4,147485405,153705539,2
huH-1,4,153710094,153751750,0
huH-1,4,153781229,168311161,2
huH-1,4,168311162,168472610,0
huH-1,4,168472611,169394798,2
huH-1,4,169399812,169591084,0
huH-1,4,169598825,177990783,2
huH-1,4,182323776,183316004,1
huH-1,4,183319279,188101170,2
huH-1,5,163145,46485900,3
huH-1,5,163145,5318558,4
huH-1,5,5318746,5448172,0
huH-1,5,5454277,16572379,3
huH-1,5,16616375,16877982,1
huH-1,5,16935513,31323585,3
huH-1,5,31401157,31529334,1
huH-1,5,31532116,39074243,3
huH-1,5,39107168,39141416,1
huH-1,5,39153173,40909891,3
huH-1,5,40928305,41071127,1
huH-1,5,41142548,46485900,3
huH-1,5,50059807,181242370,3
huH-1,5,50059807,58976094,3
huH-1,5,58976095,59357121,1
huH-1,5,59586054,61687345,3
huH-1,5,61703631,62385844,1
huH-1,5,62388733,66964062,2
huH-1,5,66986169,67167317,1
huH-1,5,67182618,72905687,3
huH-1,5,72968223,73088365,0
huH-1,5,73123142,73685159,3
huH-1,5,73749562,73911858,1
huH-1,5,74043014,90525566,3
huH-1,5,90614560,91164175,1
huH-1,5,91371123,116448086,3
huH-1,5,116467308,118841364,1
huH-1,5,118847836,134309002,3
huH-1,5,134312017,134366798,0
huH-1,5,134371319,135937822,3
huH-1,5,135940214,136275102,1
huH-1,5,136315322,140648812,3
huH-1,5,140651442,140662488,1
huH-1,5,140664636,151065348,3
huH-1,5,151101173,151183827,1
huH-1,5,151184067,157252955,3
huH-1,5,157285087,157473235,1
huH-1,5,157480672,181243433,3
huH-1,6,335069,58553888,3
huH-1,6,335175,17761152,4
huH-1,6,17763835,17898455,1
huH-1,6,17986779,24850225,4
huH-1,6,24850322,25619858,1
huH-1,6,25652127,32460362,3
huH-1,6,32517462,32590017,1
huH-1,6,32637266,35835763,3
huH-1,6,35838062,35891288,1
huH-1,6,35920193,39868098,3
huH-1,6,39868548,39900483,1
huH-1,6,39901027,43523015,3
huH-1,6,43523385,43567625,1
huH-1,6,43568436,53041512,3
huH-1,6,53070749,53098105,1
huH-1,6,53127929,55875142,3
huH-1,6,56057392,56614759,1
huH-1,6,56615240,57210657,3
huH-1,6,57318171,58553888,0
huH-1,6,59829934,60425714,0
huH-1,6,59829934,170583760,3
huH-1,6,60430112,71403896,3
huH-1,6,71886786,72399369,1
huH-1,6,72400247,83524905,3
huH-1,6,83555878,83662697,1
huH-1,6,83665164,84089758,3
huH-1,6,84124795,84226668,1
huH-1,6,84736415,123064038,3
huH-1,6,123218326,123637050,1
huH-1,6,123803924,135194146,3
huH-1,6,135194147,135491022,1
huH-1,6,135851722,135947801,3
huH-1,6,136037764,136038803,2
huH-1,6,136108454,138162446,3
huH-1,6,138170387,138335445,1
huH-1,6,138336020,142302606,3
huH-1,6,142309269,142441228,1
huH-1,6,142443062,159044423,3
huH-1,6,159197156,159271717,1
huH-1,6,159682247,169251061,3
huH-1,6,169582561,169689245,1
huH-1,6,169702202,170584276,3
huH-1,7,501104,58169653,4
huH-1,7,501104,6781108,3
huH-1,7,6796298,6805332,0
huH-1,7,6812699,10940334,3
huH-1,7,10974049,14754223,1
huH-1,7,14757380,17343341,3
huH-1,7,17793770,18996337,1
huH-1,7,19116436,21543871,3
huH-1,7,21544756,22310295,1
huH-1,7,22726986,35831771,3
huH-1,7,35832523,35903490,1
huH-1,7,36154084,48029215,3
huH-1,7,48036034,48645787,1
huH-1,7,49775197,58169653,3
huH-1,7,61528020,144050919,4
huH-1,7,61528020,77794641,3
huH-1,7,77839981,77955153,1
huH-1,7,78019539,92537206,3
huH-1,7,92569606,92581878,0
huH-1,7,92614869,105975321,3
huH-1,7,105980693,106032941,1
huH-1,7,106091528,111728949,3
huH-1,7,111731951,112206413,1
huH-1,7,112206440,122320581,3
huH-1,7,122325205,122663827,1
huH-1,7,122697511,141973966,3
huH-1,7,142005256,142065611,1
huH-1,7,142065612,151349515,3
huH-1,7,144050920,159058543,3
huH-1,7,151351149,151377453,1
huH-1,7,151381813,152676356,3
huH-1,7,152782910,155665528,1
huH-1,7,155672592,155740271,1
huH-1,7,155741544,159058543,2
huH-1,8,413192,2145226,2
huH-1,8,492389,18936419,2
huH-1,8,2938340,3409880,0
huH-1,8,3468437,17119052,2
huH-1,8,17184514,17217487,0
huH-1,8,17230542,17885831,2
huH-1,8,17935336,18034048,0
huH-1,8,18057257,25244032,1
huH-1,8,19013286,36906079,1
huH-1,8,25268570,25411562,0
huH-1,8,25419142,28027327,1
huH-1,8,28028991,28093510,0
huH-1,8,28096942,29072590,1
huH-1,8,29092470,29263309,0
huH-1,8,29336749,30712365,1
huH-1,8,30743915,30786584,0
huH-1,8,30790920,36933300,1
huH-1,8,36909036,43357172,2
huH-1,8,36935251,39103977,2
huH-1,8,39136382,39285074,0
huH-1,8,39584346,39838462,2
huH-1,8,39913648,40005653,0
huH-1,8,40013321,43123117,2
huH-1,8,43146673,43302380,1
huH-1,8,43304428,44033744,3
huH-1,8,45877265,47737596,3
huH-1,8,47202163,56074436,3
huH-1,8,47737840,47954721,1
huH-1,8,47955599,60281424,3
huH-1,8,56112665,93816729,2
huH-1,8,60558163,60866207,0
huH-1,8,61090619,75564373,2
huH-1,8,76703814,76864824,0
huH-1,8,76982984,86743885,2
huH-1,8,86866221,87354061,0
huH-1,8,87872532,90645600,3
huH-1,8,90824442,90955787,0
huH-1,8,90995400,92076329,3
huH-1,8,93700949,93726788,0
huH-1,8,93727930,97888488,4
huH-1,8,93916694,124050033,5
huH-1,8,97930678,98035987,1
huH-1,8,98041878,109362928,4
huH-1,8,109364273,109530365,1
huH-1,8,109550548,124978135,4
huH-1,8,124059903,144889982,3
huH-1,8,124999129,125022220,1
huH-1,8,125024340,131040572,4
huH-1,8,131940224,132039398,1
huH-1,8,132040769,144199475,3
huH-1,8,144200172,144255980,1
huH-1,8,144258502,144889982,3
huH-1,9,286593,28889230,1
huH-1,9,286593,13107386,1
huH-1,9,13108661,13220043,0
huH-1,9,13221097,14869219,0
huH-1,9,15171742,28889230,1
huH-1,9,32405230,43389635,3
huH-1,9,32405230,43389635,3
huH-1,9,45518558,76189427,3
huH-1,9,45518558,127429197,3
huH-1,9,76189428,76788734,1
huH-1,9,76823331,78031419,3
huH-1,9,78236114,78266174,1
huH-1,9,78266175,92289696,3
huH-1,9,92293166,92332628,1
huH-1,9,92337264,110338073,3
huH-1,9,110366264,111451829,1
huH-1,9,111484308,113056965,3
huH-1,9,113155724,113203310,1
huH-1,9,113206234,138017476,3
huH-1,9,127434813,138121810,4
huH-1,9,138023520,138025415,1
huH-1,9,138043499,138121810,2
